"sample"	"reads_total"	"reads_assigned_bins"	"percentage_duplicates"	"median_bin_count"	"filter_corr_value"	"filtered"	"TotalReads"	"DupsRemoved"	"ReadsKept"	"MedianBinCount"	"dups_percentage"
"EGAR00001519100_EGAS00001002170_hTERT-00005"	2353541	1782960	0.24	137	0.472	"removed"	2353541	570581	1782960	137	0.242435122226466
"EGAR00001519101_EGAS00001002170_hTERT-00006"	2761171	2115905	0.23	148	0.358	"removed"	2761171	645266	2115905	148	0.23369287885466
"EGAR00001519102_EGAS00001002170_hTERT-00007"	2522476	1906930	0.24	145	0.43	"removed"	2522476	615546	1906930	145	0.244024521937969
"EGAR00001519103_EGAS00001002170_hTERT-00008"	1726935	1334101	0.23	103	0.275	"removed"	1726935	392834	1334101	103	0.227474687813959
"EGAR00001519105_EGAS00001002170_hTERT-00010"	2229993	1688286	0.24	127	0.321	"removed"	2229993	541707	1688286	127	0.242918699744797
"EGAR00001519106_EGAS00001002170_hTERT-00011"	2495914	1882472	0.25	132	0.321	"removed"	2495914	613442	1882472	132	0.245778500381023
"EGAR00001519107_EGAS00001002170_hTERT-00012"	2191071	1655386	0.24	128	0.238	"removed"	2191071	535685	1655386	128	0.244485459394059
"EGAR00001519108_EGAS00001002170_hTERT-00013"	2849588	2111071	0.26	161	0.333	"removed"	2849588	738517	2111071	161	0.25916623736484
"EGAR00001519109_EGAS00001002170_hTERT-00014"	2930015	2213300	0.24	170	0.285	"removed"	2930015	716715	2213300	170	0.244611375709681
"EGAR00001519110_EGAS00001002170_hTERT-00015"	2847661	2120306	0.26	162	0.304	"removed"	2847661	727355	2120306	162	0.255421905908042
"EGAR00001519112_EGAS00001002170_hTERT-00017"	3472353	2627781	0.24	218	0.452	"removed"	3472353	844572	2627781	218	0.243227575076612
"EGAR00001519113_EGAS00001002170_hTERT-00018"	2948363	2203278	0.25	169	0.461	"removed"	2948363	745085	2203278	169	0.25271141986248
"EGAR00001519114_EGAS00001002170_hTERT-00019"	2736604	2044584	0.25	157	0.438	"removed"	2736604	692020	2044584	157	0.25287546170363
"EGAR00001519115_EGAS00001002170_hTERT-00020"	3202078	2336424	0.27	179	0.33	"removed"	3202078	865654	2336424	179	0.270341322103959
"EGAR00001519117_EGAS00001002170_hTERT-00022"	2566278	1955677	0.24	151	0.334	"removed"	2566278	610601	1955677	151	0.237932523288591
"EGAR00001519118_EGAS00001002170_hTERT-00023"	3251551	2391750	0.26	183	0.343	"removed"	3251551	859801	2391750	183	0.264427960687069
"EGAR00001519119_EGAS00001002170_hTERT-00024"	3157043	2356347	0.25	181	0.539	"removed"	3157043	800696	2356347	181	0.253622139451379
"EGAR00001519120_EGAS00001002170_hTERT-00025"	3459926	2535027	0.27	195	0.461	"removed"	3459926	924899	2535027	195	0.2673175669075
"EGAR00001519121_EGAS00001002170_hTERT-00026"	2902034	2243108	0.23	155	0.407	"removed"	2902034	658926	2243108	155	0.227056609260953
"EGAR00001519122_EGAS00001002170_hTERT-00027"	3388377	2483881	0.27	189	0.324	"removed"	3388377	904496	2483881	189	0.266940780202439
"EGAR00001519123_EGAS00001002170_hTERT-00028"	3544022	2605371	0.26	202	0.349	"removed"	3544022	938651	2605371	202	0.264854732843081
"EGAR00001519124_EGAS00001002170_hTERT-00029"	2495119	1909380	0.23	146	0.525	"removed"	2495119	585739	1909380	146	0.234753933579921
"EGAR00001519125_EGAS00001002170_hTERT-00030"	1853155	1448263	0.22	111	0.355	"removed"	1853155	404892	1448263	111	0.218487930043628
"EGAR00001519126_EGAS00001002170_hTERT-00031"	2249926	1682071	0.25	126	0.437	"removed"	2249926	567855	1682071	126	0.252388300770781
"EGAR00001519127_EGAS00001002170_hTERT-00032"	2001082	1515512	0.24	114	0.331	"removed"	2001082	485570	1515512	114	0.242653724335135
"EGAR00001519128_EGAS00001002170_hTERT-00033"	1952677	1492432	0.24	114	0.262	"removed"	1952677	460245	1492432	114	0.235699503809386
"EGAR00001519129_EGAS00001002170_hTERT-00034"	2668675	1996991	0.25	154	0.697	"removed"	2668675	671684	1996991	154	0.251691944504295
"EGAR00001519131_EGAS00001002170_hTERT-00036"	1556415	1217478	0.22	91	0.382	"removed"	1556415	338937	1217478	91	0.217767754744075
"EGAR00001519133_EGAS00001002170_hTERT-00038"	2212268	1670645	0.24	128	0.473	"removed"	2212268	541623	1670645	128	0.244827028190075
"EGAR00001519134_EGAS00001002170_hTERT-00039"	1166985	841668	0.28	44	0.327	"removed"	1166985	325317	841668	44	0.278767079268371
"EGAR00001519135_EGAS00001002170_hTERT-00040"	1722369	1341620	0.22	103	0.421	"removed"	1722369	380749	1341620	103	0.221061224395005
"EGAR00001519137_EGAS00001002170_hTERT-00042"	2655047	1982849	0.25	152	0.359	"removed"	2655047	672198	1982849	152	0.253177439043452
"EGAR00001519138_EGAS00001002170_hTERT-00043"	3120019	2281206	0.27	173	0.495	"removed"	3120019	838813	2281206	173	0.268848683293275
"EGAR00001519139_EGAS00001002170_hTERT-00044"	2166894	1650402	0.24	127	0.632	"removed"	2166894	516492	1650402	127	0.238355914041019
"EGAR00001519140_EGAS00001002170_hTERT-00045"	3240737	2340681	0.28	179	0.355	"removed"	3240737	900056	2340681	179	0.277731886296234
"EGAR00001519141_EGAS00001002170_hTERT-00046"	3019883	2290378	0.24	186	0.454	"removed"	3019883	729505	2290378	186	0.241567305753236
"EGAR00001519142_EGAS00001002170_hTERT-00047"	2472600	1810509	0.27	139	0.745	"removed"	2472600	662091	1810509	139	0.26777117204562
"EGAR00001519145_EGAS00001002170_hTERT-00050"	2353413	1821602	0.23	139	0.641	"removed"	2353413	531811	1821602	139	0.225974361491162
"EGAR00001519146_EGAS00001002170_hTERT-00051"	3488234	2567477	0.26	197	0.483	"removed"	3488234	920757	2567477	197	0.26396078932778
"EGAR00001519147_EGAS00001002170_hTERT-00052"	2724652	2146452	0.21	169	0.389	"removed"	2724652	578200	2146452	169	0.212210586893299
"EGAR00001519148_EGAS00001002170_hTERT-00053"	3160483	2364002	0.25	180	0.551	"removed"	3160483	796481	2364002	180	0.252012429745707
"EGAR00001519149_EGAS00001002170_hTERT-00054"	2197674	1762531	0.2	141	0.393	"removed"	2197674	435143	1762531	141	0.19800161443417
"EGAR00001519151_EGAS00001002170_hTERT-00056"	3189525	2406974	0.25	165	0.409	"removed"	3189525	782551	2406974	165	0.245350326459269
"EGAR00001519152_EGAS00001002170_hTERT-00057"	2772087	2164290	0.22	173	0.473	"removed"	2772087	607797	2164290	173	0.219256105598417
"EGAR00001519156_EGAS00001002170_hTERT-00061"	2237630	1721134	0.23	132	0.432	"removed"	2237630	516496	1721134	132	0.230822790184257
"EGAR00001519160_EGAS00001002170_hTERT-00065"	3373225	2507118	0.26	191	0.615	"removed"	3373225	866107	2507118	191	0.256759332686079
"EGAR00001519162_EGAS00001002170_hTERT-00067"	3155463	2357588	0.25	182	0.475	"removed"	3155463	797875	2357588	182	0.252855127757797
"EGAR00001519163_EGAS00001002170_hTERT-00068"	2242117	1733929	0.23	133	0.44	"removed"	2242117	508188	1733929	133	0.226655433235643
"EGAR00001519166_EGAS00001002170_hTERT-00071"	2970326	2221033	0.25	170	0.458	"removed"	2970326	749293	2221033	170	0.252259516295518
"EGAR00001519167_EGAS00001002170_hTERT-00072"	2518005	1906736	0.24	146	0.42	"removed"	2518005	611269	1906736	146	0.242759247896648
"EGAR00001519168_EGAS00001002170_hTERT-00073"	3638295	2662411	0.27	205	0.429	"removed"	3638295	975884	2662411	205	0.268225638657668
"EGAR00001519169_EGAS00001002170_hTERT-00074"	3411105	2476496	0.27	172	0.314	"removed"	3411105	934609	2476496	172	0.273990099982264
"EGAR00001519175_EGAS00001002170_hTERT-00080"	3085311	2281874	0.26	175	0.409	"removed"	3085311	803437	2281874	175	0.260407135617771
"EGAR00001519176_EGAS00001002170_hTERT-00081"	3845797	2941779	0.24	233	0.455	"removed"	3845797	904018	2941779	233	0.235066489468893
"EGAR00001519177_EGAS00001002170_hTERT-00082"	2981178	2292064	0.23	176	0.332	"removed"	2981178	689114	2292064	176	0.231154932714518
"EGAR00001519178_EGAS00001002170_hTERT-00083"	3395631	2456933	0.28	186	0.35	"removed"	3395631	938698	2456933	186	0.276442876154682
"EGAR00001519179_EGAS00001002170_hTERT-00084"	3593700	2743720	0.24	221	0.432	"removed"	3593700	849980	2743720	221	0.236519464618638
"EGAR00001519181_EGAS00001002170_hTERT-00086"	2258161	1742770	0.23	122	0.384	"removed"	2258161	515391	1742770	122	0.228234833565897
"EGAR00001519182_EGAS00001002170_hTERT-00087"	3327299	2534847	0.24	196	0.26	"removed"	3327299	792452	2534847	196	0.238166753273451
"EGAR00001519185_EGAS00001002170_hTERT-00090"	3389851	2568913	0.24	197	0.499	"removed"	3389851	820938	2568913	197	0.242175246050638
"EGAR00001519186_EGAS00001002170_hTERT-00091"	3094018	2244325	0.27	171	0.442	"removed"	3094018	849693	2244325	171	0.274624452734276
"EGAR00001519187_EGAS00001002170_hTERT-00092"	1811604	1400171	0.23	106	0.313	"removed"	1811604	411433	1400171	106	0.227109787790268
"EGAR00001519188_EGAS00001002170_hTERT-00093"	2788803	2031386	0.27	154	0.371	"removed"	2788803	757417	2031386	154	0.271592149033116
"EGAR00001519190_EGAS00001002170_hTERT-00095"	2562436	1884067	0.26	147	0.363	"removed"	2562436	678369	1884067	147	0.264735977796128
"EGAR00001519193_EGAS00001002170_hTERT-00098"	4128637	3007917	0.27	231	0.286	"removed"	4128637	1120720	3007917	231	0.271450360009853
"EGAR00001519194_EGAS00001002170_hTERT-00099"	3212978	2415009	0.25	186	0.331	"removed"	3212978	797969	2415009	186	0.248358065321331
"EGAR00001519196_EGAS00001002170_hTERT-00101"	3480000	2551479	0.27	196	0.398	"removed"	3480000	928521	2551479	196	0.266816379310345
"EGAR00001519197_EGAS00001002170_hTERT-00102"	2977158	2200019	0.26	174	0.273	"removed"	2977158	777139	2200019	174	0.261033845029387
"EGAR00001519198_EGAS00001002170_hTERT-00103"	2293746	1766971	0.23	137	0.374	"removed"	2293746	526775	1766971	137	0.229657076241223
"EGAR00001519199_EGAS00001002170_hTERT-00104"	3412950	2649441	0.22	203	0.328	"removed"	3412950	763509	2649441	203	0.223709400958115
"EGAR00001519200_EGAS00001002170_hTERT-00105"	3129445	2316463	0.26	178	0.33	"removed"	3129445	812982	2316463	178	0.259784722211127
"EGAR00001519201_EGAS00001002170_hTERT-00106"	2152299	1669065	0.22	128	0.528	"removed"	2152299	483234	1669065	128	0.224519920327055
"EGAR00001519202_EGAS00001002170_hTERT-00107"	2874294	2176364	0.24	167	0.341	"removed"	2874294	697930	2176364	167	0.242817888497141
"EGAR00001519203_EGAS00001002170_hTERT-00108"	2388469	1840342	0.23	141	0.473	"removed"	2388469	548127	1840342	141	0.229488848295707
"EGAR00001519204_EGAS00001002170_hTERT-00109"	2798142	2134875	0.24	164	0.54	"removed"	2798142	663267	2134875	164	0.237038363313942
"EGAR00001519205_EGAS00001002170_hTERT-00110"	2349710	1827155	0.22	140	0.44	"removed"	2349710	522555	1827155	140	0.222391273816769
"EGAR00001519206_EGAS00001002170_hTERT-00111"	2631601	2011745	0.24	155	0.409	"removed"	2631601	619856	2011745	155	0.235543306147094
"EGAR00001519207_EGAS00001002170_hTERT-00112"	2776435	2120628	0.24	163	0.452	"removed"	2776435	655807	2120628	163	0.236204701352634
"EGAR00001519208_EGAS00001002170_hTERT-00113"	2290149	1669227	0.27	131	0.337	"removed"	2290149	620922	1669227	131	0.271127337129593
"EGAR00001519209_EGAS00001002170_hTERT-00114"	1953042	1508396	0.23	120	0.324	"removed"	1953042	444646	1508396	120	0.227668426997474
"EGAR00001519210_EGAS00001002170_hTERT-00115"	2943359	2218289	0.25	170	0.379	"removed"	2943359	725070	2218289	170	0.246341000197394
"EGAR00001519211_EGAS00001002170_hTERT-00116"	3011521	2259244	0.25	174	0.507	"removed"	3011521	752277	2259244	174	0.249799685939431
"EGAR00001519212_EGAS00001002170_hTERT-00117"	2335916	1799157	0.23	138	0.379	"removed"	2335916	536759	1799157	138	0.229785232003206
"EGAR00001519213_EGAS00001002170_hTERT-00118"	3332194	2483169	0.25	191	0.458	"removed"	3332194	849025	2483169	191	0.254794588790449
"EGAR00001519214_EGAS00001002170_hTERT-00119"	2998297	2169857	0.28	168	0.341	"removed"	2998297	828440	2169857	168	0.276303514961993
"EGAR00001519215_EGAS00001002170_hTERT-00120"	2181365	1686529	0.23	130	0.416	"removed"	2181365	494836	1686529	130	0.226846951335517
"EGAR00001519216_EGAS00001002170_hTERT-00121"	3265596	2430014	0.26	187	0.411	"removed"	3265596	835582	2430014	187	0.25587427226148
"EGAR00001519217_EGAS00001002170_hTERT-00122"	2702815	2060472	0.24	158	0.423	"removed"	2702815	642343	2060472	158	0.237657035350181
"EGAR00001519218_EGAS00001002170_hTERT-00123"	3337708	2471233	0.26	190	0.415	"removed"	3337708	866475	2471233	190	0.259601798599518
"EGAR00001519219_EGAS00001002170_hTERT-00124"	2513441	1935073	0.23	147	0.281	"removed"	2513441	578368	1935073	147	0.230110036400297
"EGAR00001519220_EGAS00001002170_hTERT-00125"	3274046	2412724	0.26	188	0.21	"removed"	3274046	861322	2412724	188	0.263075717323459
"EGAR00001519221_EGAS00001002170_hTERT-00126"	2840006	2159224	0.24	165	0.477	"removed"	2840006	680782	2159224	165	0.239711465398313
"EGAR00001519222_EGAS00001002170_hTERT-00127"	2216464	1650264	0.26	127	0.303	"removed"	2216464	566200	1650264	127	0.255451927033329
"EGAR00001519223_EGAS00001002170_hTERT-00128"	1885608	1479234	0.22	114	0.417	"removed"	1885608	406374	1479234	114	0.215513510761516
"EGAR00001519225_EGAS00001002170_hTERT-00130"	2335949	1738793	0.26	132	0.357	"removed"	2335949	597156	1738793	132	0.255637430440476
"EGAR00001519226_EGAS00001002170_hTERT-00131"	2171753	1657080	0.24	129	0.383	"removed"	2171753	514673	1657080	129	0.23698505308845
"EGAR00001519227_EGAS00001002170_hTERT-00132"	2752299	2051746	0.25	159	0.473	"removed"	2752299	700553	2051746	159	0.254533755235169
"EGAR00001519228_EGAS00001002170_hTERT-00133"	3052517	2276988	0.25	175	0.391	"removed"	3052517	775529	2276988	175	0.254062139539272
"EGAR00001519229_EGAS00001002170_hTERT-00134"	1773057	1365957	0.23	108	0.285	"removed"	1773057	407100	1365957	108	0.229603447604899
"EGAR00001519230_EGAS00001002170_hTERT-00135"	2768329	2062906	0.25	157	0.349	"removed"	2768329	705423	2062906	157	0.254819062329658
"EGAR00001519231_EGAS00001002170_hTERT-00136"	2486286	1885761	0.24	148	0.29	"removed"	2486286	600525	1885761	148	0.241534964199613
"EGAR00001519232_EGAS00001002170_hTERT-00137"	2434851	1856911	0.24	132	0.267	"removed"	2434851	577940	1856911	132	0.237361546969404
"EGAR00001519233_EGAS00001002170_hTERT-00138"	2246416	1758026	0.22	138	0.322	"removed"	2246416	488390	1758026	138	0.217408529853776
"EGAR00001519234_EGAS00001002170_hTERT-00139"	2588719	1924196	0.26	148	0.318	"removed"	2588719	664523	1924196	148	0.256699549081998
"EGAR00001519235_EGAS00001002170_hTERT-00140"	2307570	1696584	0.26	130	0.319	"removed"	2307570	610986	1696584	130	0.264774633055552
"EGAR00001519236_EGAS00001002170_hTERT-00141"	2602236	1934048	0.26	149	0.212	"removed"	2602236	668188	1934048	149	0.256774558495079
"EGAR00001519237_EGAS00001002170_hTERT-00142"	2054694	1551264	0.25	119	0.486	"removed"	2054694	503430	1551264	119	0.245014586113553
"EGAR00001519238_EGAS00001002170_hTERT-00143"	3040117	2269989	0.25	165	0.357	"removed"	3040117	770128	2269989	165	0.253321829390119
"EGAR00001519241_EGAS00001002170_hTERT-00146"	4584324	3281448	0.28	218	0.404	"removed"	4584324	1302876	3281448	218	0.284202425483016
"EGAR00001519242_EGAS00001002170_hTERT-00147"	4208514	3038451	0.28	235	0.582	"removed"	4208514	1170063	3038451	235	0.278022836564165
"EGAR00001519244_EGAS00001002170_hTERT-00149"	3824556	2783441	0.27	214	0.36	"removed"	3824556	1041115	2783441	214	0.272218526804157
"EGAR00001519245_EGAS00001002170_hTERT-00150"	3256339	2418860	0.26	186	0.497	"removed"	3256339	837479	2418860	186	0.257184218227893
"EGAR00001519246_EGAS00001002170_hTERT-00151"	3740108	2776022	0.26	214	0.386	"removed"	3740108	964086	2776022	214	0.257769561734581
"EGAR00001519249_EGAS00001002170_hTERT-00154"	3385886	2533256	0.25	196	0.303	"removed"	3385886	852630	2533256	196	0.251818873996348
"EGAR00001519250_EGAS00001002170_hTERT-00155"	3494270	2606624	0.25	202	0.693	"removed"	3494270	887646	2606624	202	0.254029024660373
"EGAR00001519252_EGAS00001002170_hTERT-00157"	3824705	2812542	0.26	217	0.482	"removed"	3824705	1012163	2812542	217	0.264638187781803
"EGAR00001519253_EGAS00001002170_hTERT-00158"	3947974	2886636	0.27	223	0.728	"removed"	3947974	1061338	2886636	223	0.268831051065686
"EGAR00001519254_EGAS00001002170_hTERT-00159"	2780085	2103771	0.24	162	0.414	"removed"	2780085	676314	2103771	162	0.243270979124739
"EGAR00001519255_EGAS00001002170_hTERT-00160"	3870043	2828511	0.27	218	0.392	"removed"	3870043	1041532	2828511	218	0.269126725465324
"EGAR00001519256_EGAS00001002170_hTERT-00161"	4269364	3098277	0.27	239	0.35	"removed"	4269364	1171087	3098277	239	0.274300106526405
"EGAR00001519257_EGAS00001002170_hTERT-00162"	2568837	1938554	0.25	155	0.34	"removed"	2568837	630283	1938554	155	0.245357334856201
"EGAR00001519258_EGAS00001002170_hTERT-00163"	4018271	2867609	0.29	230	0.314	"removed"	4018271	1150662	2867609	230	0.286357490572438
"EGAR00001519259_EGAS00001002170_hTERT-00164"	3102716	2317980	0.25	178	0.387	"removed"	3102716	784736	2317980	178	0.252919055434013
"EGAR00001519260_EGAS00001002170_hTERT-00165"	3888514	2849539	0.27	219	0.352	"removed"	3888514	1038975	2849539	219	0.267190757188993
"EGAR00001519261_EGAS00001002170_hTERT-00166"	2745251	2102250	0.23	161	0.312	"removed"	2745251	643001	2102250	161	0.234223027329741
"EGAR00001519262_EGAS00001002170_hTERT-00167"	3526011	2707616	0.23	213	0.464	"removed"	3526011	818395	2707616	213	0.232102225432649
"EGAR00001519264_EGAS00001002170_hTERT-00169"	2642831	1882011	0.29	132	0.47	"removed"	2642831	760820	1882011	132	0.287880685522457
"EGAR00001519265_EGAS00001002170_hTERT-00170"	2522615	1967937	0.22	148	0.387	"removed"	2522615	554678	1967937	148	0.219882146106322
"EGAR00001519266_EGAS00001002170_hTERT-00171"	3343341	2417604	0.28	186	0.332	"removed"	3343341	925737	2417604	186	0.276889793772158
"EGAR00001519267_EGAS00001002170_hTERT-00172"	3155394	2336388	0.26	178	0.617	"removed"	3155394	819006	2336388	178	0.259557443539539
"EGAR00001519268_EGAS00001002170_hTERT-00173"	2266861	1668929	0.26	128	0.306	"removed"	2266861	597932	1668929	128	0.263770914934793
"EGAR00001519269_EGAS00001002170_hTERT-00174"	3234339	2393680	0.26	180	0.454	"removed"	3234339	840659	2393680	180	0.25991678670665
"EGAR00001519270_EGAS00001002170_hTERT-00175"	3613016	2754223	0.24	217	0.307	"removed"	3613016	858793	2754223	217	0.237694214473448
"EGAR00001519272_EGAS00001002170_hTERT-00177"	3619561	2619140	0.28	201	0.384	"removed"	3619561	1000421	2619140	201	0.27639291063198
"EGAR00001519274_EGAS00001002170_hTERT-00179"	3349848	2444484	0.27	187	0.42	"removed"	3349848	905364	2444484	187	0.270270173452646
"EGAR00001519275_EGAS00001002170_hTERT-00180"	2328181	1771345	0.24	135	0.419	"removed"	2328181	556836	1771345	135	0.239172126222145
"EGAR00001519276_EGAS00001002170_hTERT-00181"	3508988	2548498	0.27	196	0.397	"removed"	3508988	960490	2548498	196	0.273722794150336
"EGAR00001519277_EGAS00001002170_hTERT-00182"	4253826	3134598	0.26	249	0.404	"removed"	4253826	1119228	3134598	249	0.263110902984748
"EGAR00001519278_EGAS00001002170_hTERT-00183"	2612244	1980144	0.24	152	0.41	"removed"	2612244	632100	1980144	152	0.241975864429203
"EGAR00001519279_EGAS00001002170_hTERT-00184"	1991318	1527026	0.23	117	0.384	"removed"	1991318	464292	1527026	117	0.233158139483498
"EGAR00001519280_EGAS00001002170_hTERT-00185"	3227930	2448809	0.24	190	0.448	"removed"	3227930	779121	2448809	190	0.241368617039403
"EGAR00001519281_EGAS00001002170_hTERT-00186"	2805306	2111780	0.25	163	0.343	"removed"	2805306	693526	2111780	163	0.247219376424533
"EGAR00001519282_EGAS00001002170_hTERT-00187"	2163288	1658547	0.23	128	0.398	"removed"	2163288	504741	1658547	128	0.233321222139632
"EGAR00001519283_EGAS00001002170_hTERT-00188"	2982582	2183552	0.27	170	0.284	"removed"	2982582	799030	2183552	170	0.267898753496132
"EGAR00001519284_EGAS00001002170_hTERT-00189"	3131320	2300820	0.27	177	0.457	"removed"	3131320	830500	2300820	177	0.265223611767561
"EGAR00001519286_EGAS00001002170_hTERT-00191"	2976079	2173142	0.27	167	0.443	"removed"	2976079	802937	2173142	167	0.269796937514092
"EGAR00001519482_EGAS00001002170_SA501X3F-00003"	3733643	2378783	0.36	175	0.97	"kept"	3733643	1354860	2378783	175	0.362878829068553
"EGAR00001519483_EGAS00001002170_SA501X3F-00004"	4084360	2622543	0.36	194	0.97	"kept"	4084360	1461817	2622543	194	0.357906012202646
"EGAR00001519484_EGAS00001002170_SA501X3F-00005"	3723611	2486855	0.33	184	0.982	"kept"	3723611	1236756	2486855	184	0.332138883465539
"EGAR00001519489_EGAS00001002170_SA501X3F-00010"	2646260	1711267	0.35	123	0.969	"kept"	2646260	934993	1711267	123	0.353326203774383
"EGAR00001519535_EGAS00001002170_SA501X3F-00056"	3592983	2364273	0.34	170	0.973	"kept"	3592983	1228710	2364273	170	0.341974899408096
"EGAR00001519536_EGAS00001002170_SA501X3F-00057"	3457393	2373617	0.31	174	0.958	"kept"	3457393	1083776	2373617	174	0.313466244653125
"EGAR00001519537_EGAS00001002170_SA501X3F-00058"	3421026	2341835	0.32	172	0.984	"kept"	3421026	1079191	2341835	172	0.315458286490661
"EGAR00001519538_EGAS00001002170_SA501X3F-00059"	3368986	2242134	0.33	160	0.99	"kept"	3368986	1126852	2242134	160	0.334478089252968
"EGAR00001519539_EGAS00001002170_SA501X3F-00060"	3738254	2542492	0.32	183	0.966	"kept"	3738254	1195762	2542492	183	0.319871790413385
"EGAR00001519541_EGAS00001002170_SA501X3F-00062"	4036953	2466755	0.39	178	0.968	"kept"	4036953	1570198	2466755	178	0.38895622515298
"EGAR00001519542_EGAS00001002170_SA501X3F-00063"	3986814	2636755	0.34	194	0.982	"kept"	3986814	1350059	2636755	194	0.338631047247251
"EGAR00001519543_EGAS00001002170_SA501X3F-00064"	2795359	1896968	0.32	139	0.98	"kept"	2795359	898391	1896968	139	0.321386626905524
"EGAR00001519544_EGAS00001002170_SA501X3F-00065"	3211369	2179744	0.32	164	0.983	"kept"	3211369	1031625	2179744	164	0.321241501677322
"EGAR00001519545_EGAS00001002170_SA501X3F-00066"	2494387	1588213	0.36	114	0.82	"kept"	2494387	906174	1588213	114	0.363285248038897
"EGAR00001519546_EGAS00001002170_SA501X3F-00067"	3638085	2322851	0.36	172	0.987	"kept"	3638085	1315234	2322851	172	0.361518216314352
"EGAR00001519547_EGAS00001002170_SA501X3F-00068"	3938278	2645693	0.33	183	0.915	"kept"	3938278	1292585	2645693	183	0.328210705287946
"EGAR00001519548_EGAS00001002170_SA501X3F-00069"	3486072	2424250	0.3	178	0.974	"kept"	3486072	1061822	2424250	178	0.304589807668918
"EGAR00001519549_EGAS00001002170_SA501X3F-00070"	3804787	2213291	0.42	161	0.975	"kept"	3804787	1591496	2213291	161	0.418287804284445
"EGAR00001519550_EGAS00001002170_SA501X3F-00071"	2988686	1724269	0.42	123	0.989	"kept"	2988686	1264417	1724269	123	0.423067863268339
"EGAR00001519551_EGAS00001002170_SA501X3F-00072"	3170979	2176976	0.31	144	0.865	"kept"	3170979	994003	2176976	144	0.313468805690608
"EGAR00001519555_EGAS00001002170_SA501X3F-00076"	3472889	2153627	0.38	152	0.915	"kept"	3472889	1319262	2153627	152	0.379874507938492
"EGAR00001519556_EGAS00001002170_SA501X3F-00077"	3878239	2611135	0.33	191	0.981	"kept"	3878239	1267104	2611135	191	0.326721483642447
"EGAR00001519558_EGAS00001002170_SA501X3F-00079"	2916091	1791142	0.39	133	0.973	"kept"	2916091	1124949	1791142	133	0.385772940556382
"EGAR00001519559_EGAS00001002170_SA501X3F-00080"	2682481	1715307	0.36	127	0.946	"kept"	2682481	967174	1715307	127	0.360552041188735
"EGAR00001519561_EGAS00001002170_SA501X3F-00082"	3487338	2125763	0.39	154	0.989	"kept"	3487338	1361575	2125763	154	0.390433906894026
"EGAR00001519562_EGAS00001002170_SA501X3F-00083"	3467498	2255387	0.35	164	0.98	"kept"	3467498	1212111	2255387	164	0.349563575811724
"EGAR00001519569_EGAS00001002170_SA501X3F-00090"	3967759	2299973	0.42	168	0.986	"kept"	3967759	1667786	2299973	168	0.420334501162999
"EGAR00001519571_EGAS00001002170_SA501X3F-00092"	3312214	2007183	0.39	146	0.989	"kept"	3312214	1305031	2007183	146	0.394005640939867
"EGAR00001519572_EGAS00001002170_SA501X3F-00093"	3151775	1952701	0.38	139	0.959	"kept"	3151775	1199074	1952701	139	0.380444035503803
"EGAR00001519573_EGAS00001002170_SA501X3F-00094"	3194369	2014956	0.37	147	0.99	"kept"	3194369	1179413	2014956	147	0.369216267751158
"EGAR00001519576_EGAS00001002170_SA501X3F-00097"	4752611	2812746	0.41	208	0.989	"kept"	4752611	1939865	2812746	208	0.40816826792683
"EGAR00001519577_EGAS00001002170_SA501X3F-00098"	4425587	3037957	0.31	220	0.908	"kept"	4425587	1387630	3037957	220	0.313547106858367
"EGAR00001519585_EGAS00001002170_SA501X3F-00106"	2622476	1745248	0.33	124	0.954	"kept"	2622476	877228	1745248	124	0.334503728537458
"EGAR00001519586_EGAS00001002170_SA501X3F-00107"	2936802	2082101	0.29	152	0.966	"kept"	2936802	854701	2082101	152	0.291031196519207
"EGAR00001519587_EGAS00001002170_SA501X3F-00108"	2749155	1896035	0.31	138	0.973	"kept"	2749155	853120	1896035	138	0.310320807666356
"EGAR00001519588_EGAS00001002170_SA501X3F-00109"	3336479	2155536	0.35	153	0.967	"kept"	3336479	1180943	2155536	153	0.353948878443413
"EGAR00001519589_EGAS00001002170_SA501X3F-00110"	3580094	2400436	0.33	175	0.983	"kept"	3580094	1179658	2400436	175	0.329504756020373
"EGAR00001519590_EGAS00001002170_SA501X3F-00111"	3606577	2439173	0.32	178	0.976	"kept"	3606577	1167404	2439173	178	0.323687529754668
"EGAR00001519591_EGAS00001002170_SA501X3F-00112"	3721737	2263364	0.39	163	0.981	"kept"	3721737	1458373	2263364	163	0.391852782719467
"EGAR00001519592_EGAS00001002170_SA501X3F-00113"	2846206	1748559	0.39	124	0.965	"kept"	2846206	1097647	1748559	124	0.38565268993179
"EGAR00001519593_EGAS00001002170_SA501X3F-00114"	2985083	1890914	0.37	136	0.985	"kept"	2985083	1094169	1890914	136	0.366545586839629
"EGAR00001519594_EGAS00001002170_SA501X3F-00115"	3633139	2303442	0.37	166	0.99	"kept"	3633139	1329697	2303442	166	0.365991226870208
"EGAR00001519595_EGAS00001002170_SA501X3F-00116"	2836583	1590590	0.44	114	0.968	"kept"	2836583	1245993	1590590	114	0.439258431711676
"EGAR00001519596_EGAS00001002170_SA501X3F-00117"	3193634	2044481	0.36	147	0.988	"kept"	3193634	1149153	2044481	147	0.359826141630506
"EGAR00001519597_EGAS00001002170_SA501X3F-00118"	3990833	2418800	0.39	177	0.988	"kept"	3990833	1572033	2418800	177	0.393910995523992
"EGAR00001519598_EGAS00001002170_SA501X3F-00119"	3775106	2291547	0.39	169	0.963	"kept"	3775106	1483559	2291547	169	0.39298472678648
"EGAR00001519600_EGAS00001002170_SA501X3F-00121"	2562426	1470057	0.43	105	0.975	"kept"	2562426	1092369	1470057	105	0.426302652252202
"EGAR00001519601_EGAS00001002170_SA501X3F-00122"	2393328	1553506	0.35	109	0.96	"kept"	2393328	839822	1553506	109	0.350901339055909
"EGAR00001519645_EGAS00001002170_SA501X3F-00166"	5086396	3020569	0.41	220	0.99	"kept"	5086396	2065827	3020569	220	0.406147496183938
"EGAR00001519646_EGAS00001002170_SA501X3F-00167"	4977279	3027936	0.39	225	0.974	"kept"	4977279	1949343	3027936	225	0.391648328333614
"EGAR00001519647_EGAS00001002170_SA501X3F-00168"	5307954	3270289	0.38	242	0.987	"kept"	5307954	2037665	3270289	242	0.383888971155364
"EGAR00001519648_EGAS00001002170_SA501X3F-00169"	4729589	2899389	0.39	213	0.968	"kept"	4729589	1830200	2899389	213	0.386968085387546
"EGAR00001519705_EGAS00001002170_SA501X3F-00226"	2312843	1327093	0.43	96	0.972	"kept"	2312843	985750	1327093	96	0.426207053397053
"EGAR00001519706_EGAS00001002170_SA501X3F-00227"	2785961	1584326	0.43	114	0.986	"kept"	2785961	1201635	1584326	114	0.431317954558589
"EGAR00001519707_EGAS00001002170_SA501X3F-00228"	2872901	1768583	0.38	131	0.974	"kept"	2872901	1104318	1768583	131	0.384391247731822
"EGAR00001519718_EGAS00001002170_SA501X3F-00239"	2024308	1066150	0.47	76	0.983	"kept"	2024308	958158	1066150	76	0.473326193444871
"EGAR00001519722_EGAS00001002170_SA501X3F-00243"	3269078	2015800	0.38	153	0.973	"kept"	3269078	1253278	2015800	153	0.383373538349345
"EGAR00001519723_EGAS00001002170_SA501X3F-00244"	3143901	2005583	0.36	148	0.987	"kept"	3143901	1138318	2005583	148	0.362071833686875
"EGAR00001519724_EGAS00001002170_SA501X3F-00245"	3582902	2188169	0.39	162	0.977	"kept"	3582902	1394733	2188169	162	0.389274671760489
"EGAR00001519725_EGAS00001002170_SA501X3F-00246"	4053809	2597261	0.36	190	0.982	"kept"	4053809	1456548	2597261	190	0.359303558702445
"EGAR00001519727_EGAS00001002170_SA501X3F-00248"	3614614	2384137	0.34	173	0.979	"kept"	3614614	1230477	2384137	173	0.340417261704846
"EGAR00001519729_EGAS00001002170_SA501X3F-00250"	3633884	2393106	0.34	173	0.986	"kept"	3633884	1240778	2393106	173	0.341446782561028
"EGAR00001519730_EGAS00001002170_SA501X3F-00251"	3366011	2274354	0.32	167	0.986	"kept"	3366011	1091657	2274354	167	0.324317716133429
"EGAR00001519731_EGAS00001002170_SA501X3F-00252"	3425331	1943935	0.43	144	0.991	"kept"	3425331	1481396	1943935	144	0.432482583435002
"EGAR00001519732_EGAS00001002170_SA501X3F-00253"	3416927	1994570	0.42	146	0.979	"kept"	3416927	1422357	1994570	146	0.416267892173289
"EGAR00001519734_EGAS00001002170_SA501X3F-00255"	4007515	2470796	0.38	185	0.985	"kept"	4007515	1536719	2470796	185	0.383459325791669
"EGAR00001519735_EGAS00001002170_SA501X3F-00256"	3742988	2512572	0.33	187	0.984	"kept"	3742988	1230416	2512572	187	0.328725606387197
"EGAR00001519736_EGAS00001002170_SA501X3F-00257"	3442000	2269928	0.34	168	0.983	"kept"	3442000	1172072	2269928	168	0.340520627542127
"EGAR00001519737_EGAS00001002170_SA501X3F-00258"	2841433	1936144	0.32	140	0.972	"kept"	2841433	905289	1936144	140	0.318602972514221
"EGAR00001519738_EGAS00001002170_SA501X3F-00259"	3699308	2169161	0.41	158	0.987	"kept"	3699308	1530147	2169161	158	0.413630603345274
"EGAR00001519741_EGAS00001002170_SA501X3F-00262"	3889737	2522780	0.35	185	0.97	"kept"	3889737	1366957	2522780	185	0.351426587453085
"EGAR00001519743_EGAS00001002170_SA501X3F-00264"	3429390	2268915	0.34	167	0.991	"kept"	3429390	1160475	2268915	167	0.338391084128664
"EGAR00001519744_EGAS00001002170_SA501X3F-00265"	3339881	2179093	0.35	162	0.987	"kept"	3339881	1160788	2179093	162	0.347553700266566
"EGAR00001519800_EGAS00001002170_SA501X3F-00321"	3093127	1952815	0.37	145	0.971	"kept"	3093127	1140312	1952815	145	0.368659935398708
"EGAR00001519801_EGAS00001002170_SA501X3F-00322"	3425368	2208802	0.36	155	0.939	"kept"	3425368	1216566	2208802	155	0.355163591182028
"EGAR00001519802_EGAS00001002170_SA501X3F-00323"	3437373	2182670	0.37	156	0.937	"kept"	3437373	1254703	2182670	156	0.365017994846646
"EGAR00001519803_EGAS00001002170_SA501X3F-00324"	3730623	2400258	0.36	175	0.969	"kept"	3730623	1330365	2400258	175	0.356606657922819
"EGAR00001519804_EGAS00001002170_SA501X3F-00325"	4018308	2367044	0.41	177	0.988	"kept"	4018308	1651264	2367044	177	0.410935149819277
"EGAR00001519805_EGAS00001002170_SA501X3F-00326"	3088335	2011921	0.35	147	0.978	"kept"	3088335	1076414	2011921	147	0.34854185183926
"EGAR00001519807_EGAS00001002170_SA501X3F-00328"	2838149	1944081	0.32	145	0.978	"kept"	2838149	894068	1944081	145	0.315017992360514
"EGAR00001519836_EGAS00001002170_SA501X3F-00357"	4535929	2746406	0.39	199	0.97	"kept"	4535929	1789523	2746406	199	0.394521827832843
"EGAR00001519861_EGAS00001002170_SA501X3F-00382"	2344493	1394810	0.41	101	0.989	"kept"	2344493	949683	1394810	101	0.405069667514469
