"sample"	"reads_total"	"reads_assigned_bins"	"percentage_duplicates"	"median_bin_count"	"filter_corr_value"	"filtered"	"is_normal"	"find_normal_cv"	"total_reads"	"dups_removed"	"reads_kept"	"dups_percentage"
"SC231_chip2_R0C11yesS_PR91_AX4_BL_TURP_A_W_A2_S5196"	438173	279148	0.36	19	0.109	"removed"	FALSE	0.06	438173	159025	279148	0.36292742820758
"SC231_chip2_R0C16yesS_PR91_AX4_BL_TURP_A_W_A2_S5201"	3916751	2580966	0.34	195	0.986	"kept"	FALSE	0.18	3916751	1335785	2580966	0.341044146028175
"SC231_chip2_R0C1yesS_PR91_AX4_BL_TURP_D_W_A1_S5186"	1994399	1387651	0.3	101	0.984	"kept"	TRUE	0.02	1994399	606748	1387651	0.30422598487063
"SC231_chip2_R0C20yesS_PR91_AX4_BL_TURP_D_W_A1_S5205"	1389538	913064	0.34	64	0.442	"removed"	FALSE	0.44	1389538	476474	913064	0.342901021778462
"SC231_chip2_R0C4yesS_PR91_AX4_BL_TURP_D_W_A1_S5189"	3487847	2230956	0.36	164	1	"kept"	TRUE	0.01	3487847	1256891	2230956	0.360362997574148
"SC231_chip2_R0C52yesS_PR91_AX4_BL_TURP_A_W_A2_S5237"	953517	628754	0.34	43	0.74	"removed"	FALSE	0.24	953517	324763	628754	0.340594871407641
"SC231_chip2_R0C56yesS_PR91_AX4_BL_TURP_D_W_A1_S5241"	766640	558647	0.27	37	0.987	"kept"	FALSE	0.22	766640	207993	558647	0.271304654074924
"SC231_chip2_R0C66yesS_PR91_AX4_BL_TURP_A_W_A2_S5251"	1801113	1254637	0.3	88	0.977	"kept"	FALSE	0.23	1801113	546476	1254637	0.303410169156516
"SC231_chip2_R0C70yesS_PR91_AX4_BL_TURP_A_W_A2_S5255"	1336743	887431	0.34	62	0.815	"kept"	FALSE	0.27	1336743	449312	887431	0.336124445761077
"SC231_chip2_R0C71yesS_PR91_AX4_BL_TURP_A_W_A2_S5256"	1604822	1136505	0.29	79	0.876	"kept"	FALSE	0.27	1604822	468317	1136505	0.291818656523901
"SC231_chip2_R0C7yesS_PR91_AX4_BL_TURP_D_W_A1_S5192"	2753674	1787719	0.35	135	0.94	"kept"	FALSE	0.25	2753674	965955	1787719	0.350787711254128
"SC231_chip2_R0C9yesS_PR91_AX4_BL_TURP_A_W_A2_S5194"	516911	438521	0.15	33	0.973	"kept"	FALSE	0.24	516911	78390	438521	0.151650864462161
"SC231_chip2_R10C10yesS_PR91_AX4_BL_TURP_A_W_B2_S5915"	5666339	3337487	0.41	252	0.984	"kept"	FALSE	0.24	5666339	2328852	3337487	0.41099764768751
"SC231_chip2_R10C11yesS_PR91_AX4_BL_TURP_A_W_B2_S5916"	203832	119264	0.41	8	0.48	"removed"	FALSE	0.46	203832	84568	119264	0.414890694297264
"SC231_chip2_R10C12yesS_PR91_AX4_BL_TURP_A_W_B2_S5917"	4593926	2728693	0.41	201	0.983	"kept"	FALSE	0.23	4593926	1865233	2728693	0.406021559772621
"SC231_chip2_R10C15yesS_PR91_AX4_BL_TURP_A_W_B2_S5920"	5088243	3037325	0.4	224	0.961	"kept"	FALSE	0.23	5088243	2050918	3037325	0.403069979165696
"SC231_chip2_R10C16yesS_PR91_AX4_BL_TURP_A_W_B2_S5921"	2057477	1156074	0.44	80	0.588	"removed"	FALSE	0.41	2057477	901403	1156074	0.438110851299917
"SC231_chip2_R10C17yesS_PR91_AX4_BL_TURP_A_W_B2_S5922"	4939436	3123930	0.37	236	0.993	"kept"	FALSE	0.23	4939436	1815506	3123930	0.367553299607486
"SC231_chip2_R10C23yesS_PR91_AX4_BL_TURP_A_W_B1_S5928"	7585948	4787669	0.37	369	0.967	"kept"	FALSE	0.23	7585948	2798279	4787669	0.368876638753653
"SC231_chip2_R10C27yesS_PR91_AX4_BL_TURP_A_W_B2_S5932"	4879644	2772789	0.43	206	0.983	"kept"	FALSE	0.21	4879644	2106855	2772789	0.431764079510718
"SC231_chip2_R10C28yesS_PR91_AX4_BL_TURP_A_W_B2_S5933"	5601522	3657953	0.35	280	0.979	"kept"	FALSE	0.23	5601522	1943569	3657953	0.346971590935464
"SC231_chip2_R10C2yesS_PR91_AX4_BL_TURP_A_W_B1_S5907"	3345312	2018314	0.4	150	0.993	"kept"	FALSE	0.22	3345312	1326998	2018314	0.396673912627582
"SC231_chip2_R10C38yesS_PR91_AX4_BL_TURP_A_W_B1_S5943"	6312664	4054275	0.36	307	0.99	"kept"	FALSE	0.21	6312664	2258389	4054275	0.357755299505882
"SC231_chip2_R10C61yesS_PR91_AX4_BL_TURP_A_W_B1_S5966"	3937395	2409520	0.39	182	0.973	"kept"	FALSE	0.17	3937395	1527875	2409520	0.388042093820915
"SC231_chip2_R10C65yesS_PR91_AX4_BL_TURP_A_W_B2_S5970"	4945186	2901973	0.41	215	0.981	"kept"	FALSE	0.22	4945186	2043213	2901973	0.413172123353904
"SC231_chip2_R10C6yesS_PR91_AX4_BL_TURP_A_W_B1_S5911"	1575569	898013	0.43	64	0.27	"removed"	FALSE	0.63	1575569	677556	898013	0.430038925619887
"SC231_chip2_R10C70yesS_PR91_AX4_BL_TURP_A_W_B2_S5975"	2862643	1810606	0.37	134	0.974	"kept"	FALSE	0.21	2862643	1052037	1810606	0.367505483568856
"SC231_chip2_R10C71yesS_PR91_AX4_BL_TURP_A_W_B2_S5976"	1031789	662929	0.36	45	0.936	"kept"	FALSE	0.24	1031789	368860	662929	0.35749557322282
"SC231_chip2_R10C7yesS_PR91_AX4_BL_TURP_A_W_B1_S5912"	5825885	3777367	0.35	285	0.982	"kept"	FALSE	0.22	5825885	2048518	3777367	0.351623487247002
"SC231_chip2_R11C20yesS_PR91_AX4_BL_TURP_A_W_B1_S5997"	4430509	3003883	0.32	230	0.688	"removed"	FALSE	0.36	4430509	1426626	3003883	0.322000474437587
"SC231_chip2_R11C27yesS_PR91_AX4_BL_TURP_A_W_B2_S6004"	4409487	2566383	0.42	190	0.929	"kept"	FALSE	0.24	4409487	1843104	2566383	0.417986037831612
"SC231_chip2_R11C34yesS_PR91_AX4_BL_TURP_A_W_B2_S6011"	4404370	2915920	0.34	220	0.978	"kept"	FALSE	0.23	4404370	1488450	2915920	0.337948446656389
"SC231_chip2_R11C35yesS_PR91_AX4_BL_TURP_A_W_B2_S6012"	1736112	1302679	0.25	96	0.993	"kept"	FALSE	0.21	1736112	433433	1302679	0.249657280175473
"SC231_chip2_R11C39yesS_PR91_AX4_BL_TURP_A_W_B1_S6016"	3070565	1983636	0.35	143	0.921	"kept"	FALSE	0.23	3070565	1086929	1983636	0.353983387422184
"SC231_chip2_R11C45yesS_PR91_AX4_BL_TURP_A_W_B2_S6022"	1708398	1134675	0.34	74	0.73	"removed"	FALSE	0.33	1708398	573723	1134675	0.335825141448304
"SC231_chip2_R11C46yesS_PR91_AX4_BL_TURP_A_W_B2_S6023"	301308	171609	0.43	10	0.394	"removed"	FALSE	0.48	301308	129699	171609	0.430453223943606
"SC231_chip2_R11C49yesS_PR91_AX4_BL_TURP_A_W_B2_S6026"	2740155	1952160	0.29	145	0.973	"kept"	FALSE	0.21	2740155	787995	1952160	0.287573148234315
"SC231_chip2_R11C4yesS_PR91_AX4_BL_TURP_A_W_B1_S5981"	1842287	1098937	0.4	76	0.625	"removed"	FALSE	0.42	1842287	743350	1098937	0.403493049671414
"SC231_chip2_R11C51yesS_PR91_AX4_BL_TURP_A_W_B2_S6028"	4221458	2810370	0.33	213	0.973	"kept"	FALSE	0.23	4221458	1411088	2810370	0.334265554696979
"SC231_chip2_R11C58yesS_PR91_AX4_BL_TURP_A_W_B1_S6035"	1514080	926527	0.39	67	0.626	"removed"	FALSE	0.25	1514080	587553	926527	0.388059415618726
"SC231_chip2_R11C59yesS_PR91_AX4_BL_TURP_A_W_B1_S6036"	366998	225711	0.38	16	0.846	"kept"	FALSE	0.32	366998	141287	225711	0.384980299620161
"SC231_chip2_R11C62yesS_PR91_AX4_BL_TURP_A_W_B1_S6039"	1886635	1201099	0.36	86	0.443	"removed"	FALSE	0.16	1886635	685536	1201099	0.36336440275941
"SC231_chip2_R11C71yesS_PR91_AX4_BL_TURP_A_W_B2_S6048"	500621	334144	0.33	24	0.834	"kept"	FALSE	0.2	500621	166477	334144	0.332540984097751
"SC231_chip2_R12C11yesS_PR91_AX4_BL_TURP_A_W_B2_S6060"	2736342	1800329	0.34	129	0.697	"removed"	FALSE	0.1	2736342	936013	1800329	0.342067256212856
"SC231_chip2_R12C13yesS_PR91_AX4_BL_TURP_A_W_B2_S6062"	1229303	771609	0.37	54	0.424	"removed"	FALSE	0.25	1229303	457694	771609	0.372319924379913
"SC231_chip2_R12C20yesS_PR91_AX4_BL_TURP_A_W_B1_S6069"	5166368	3587974	0.31	279	0.983	"kept"	FALSE	0.23	5166368	1578394	3587974	0.30551327354149
"SC231_chip2_R12C23yesS_PR91_AX4_BL_TURP_A_W_B1_S6072"	6879489	4575682	0.33	354	0.99	"kept"	FALSE	0.23	6879489	2303807	4575682	0.33488054127276
"SC231_chip2_R12C26yesS_PR91_AX4_BL_TURP_A_W_B1_S6075"	1026167	648939	0.37	48	0.887	"kept"	FALSE	0.25	1026167	377228	648939	0.36760878102687
"SC231_chip2_R12C27yesS_PR91_AX4_BL_TURP_A_W_B2_S6076"	5628381	3449548	0.39	256	0.97	"kept"	FALSE	0.21	5628381	2178833	3449548	0.387115406721755
"SC231_chip2_R12C29yesS_PR91_AX4_BL_TURP_A_W_B2_S6078"	5060565	3379964	0.33	258	0.995	"kept"	FALSE	0.21	5060565	1680601	3379964	0.332097502946805
"SC231_chip2_R12C2yesS_PR91_AX4_BL_TURP_A_W_B1_S6051"	3131115	2056463	0.34	152	0.824	"kept"	FALSE	0.25	3131115	1074652	2056463	0.343217032910002
"SC231_chip2_R12C36yesS_PR91_AX4_BL_TURP_A_W_B1_S6085"	4283700	2866010	0.33	220	0.984	"kept"	FALSE	0.23	4283700	1417690	2866010	0.330949879776828
"SC231_chip2_R12C37yesS_PR91_AX4_BL_TURP_A_W_B1_S6086"	1413830	891333	0.37	64	0.841	"kept"	FALSE	0.24	1413830	522497	891333	0.369561404129209
"SC231_chip2_R12C40yesS_PR91_AX4_BL_TURP_A_W_B1_S6089"	4458634	3038792	0.32	231	0.991	"kept"	FALSE	0.21	4458634	1419842	3038792	0.318447757766168
"SC231_chip2_R12C47yesS_PR91_AX4_BL_TURP_A_W_B2_S6096"	4769098	3308586	0.31	252	0.995	"kept"	FALSE	0.21	4769098	1460512	3308586	0.306244912559985
"SC231_chip2_R12C4yesS_PR91_AX4_BL_TURP_A_W_B1_S6053"	3929036	2586357	0.34	187	0.984	"kept"	FALSE	0.21	3929036	1342679	2586357	0.341732424951057
"SC231_chip2_R12C53yesS_PR91_AX4_BL_TURP_A_W_B2_S6102"	4599083	2844031	0.38	215	0.974	"kept"	FALSE	0.23	4599083	1755052	2844031	0.381609116426035
"SC231_chip2_R12C54yesS_PR91_AX4_BL_TURP_A_W_B1_S6103"	715322	432396	0.4	12	0.353	"removed"	FALSE	1.31	715322	282926	432396	0.395522575846961
"SC231_chip2_R12C57yesS_PR91_AX4_BL_TURP_A_W_B1_S6106"	2687140	1755377	0.35	128	0.951	"kept"	FALSE	0.22	2687140	931763	1755377	0.34674895986067
"SC231_chip2_R12C5yesS_PR91_AX4_BL_TURP_A_W_B1_S6054"	1539583	1091846	0.29	74	0.928	"kept"	FALSE	0.2	1539583	447737	1091846	0.290817058904911
"SC231_chip2_R12C64yesS_PR91_AX4_BL_TURP_A_W_B2_S6113"	3392269	2389940	0.3	182	0.985	"kept"	FALSE	0.23	3392269	1002329	2389940	0.29547450393822
"SC231_chip2_R12C65yesS_PR91_AX4_BL_TURP_A_W_B2_S6114"	2170769	1246237	0.43	85	0.4	"removed"	FALSE	0.4	2170769	924532	1246237	0.425900683121972
"SC231_chip2_R12C66yesS_PR91_AX4_BL_TURP_A_W_B2_S6115"	3895089	2538577	0.35	193	0.973	"kept"	FALSE	0.22	3895089	1356512	2538577	0.348262132136133
"SC231_chip2_R13C10yesS_PR91_AX4_BL_TURP_A_W_B2_S6131"	3962174	2387428	0.4	172	0.976	"kept"	FALSE	0.22	3962174	1574746	2387428	0.397444938056733
"SC231_chip2_R13C13yesS_PR91_AX4_BL_TURP_A_W_B2_S6134"	2755322	1642663	0.4	112	0.723	"removed"	FALSE	0.39	2755322	1112659	1642663	0.403821767474001
"SC231_chip2_R13C18yesS_PR91_AX4_BL_TURP_A_W_B1_S6139"	4737049	3253599	0.31	254	0.966	"kept"	FALSE	0.24	4737049	1483450	3253599	0.313159099684213
"SC231_chip2_R13C20yesS_PR91_AX4_BL_TURP_A_W_B1_S6141"	4662302	3059444	0.34	228	0.946	"kept"	FALSE	0.19	4662302	1602858	3059444	0.343791114346518
"SC231_chip2_R13C26yesS_PR91_AX4_BL_TURP_A_W_B1_S6147"	3442452	2225182	0.35	167	0.887	"kept"	FALSE	0.25	3442452	1217270	2225182	0.353605511420348
"SC231_chip2_R13C30yesS_PR91_AX4_BL_TURP_A_W_B2_S6151"	4849068	3163160	0.35	241	0.992	"kept"	FALSE	0.23	4849068	1685908	3163160	0.347676708183923
"SC231_chip2_R13C37yesS_PR91_AX4_BL_TURP_A_W_B1_S6158"	3245628	2060979	0.36	155	0.999	"kept"	TRUE	0.01	3245628	1184649	2060979	0.364998391682596
"SC231_chip2_R13C45yesS_PR91_AX4_BL_TURP_A_W_B2_S6166"	3533920	2393818	0.32	180	0.989	"kept"	FALSE	0.23	3533920	1140102	2393818	0.32261681079368
"SC231_chip2_R13C49yesS_PR91_AX4_BL_TURP_A_W_B2_S6170"	2205626	1499213	0.32	113	0.981	"kept"	FALSE	0.24	2205626	706413	1499213	0.32027778054847
"SC231_chip2_R13C51yesS_PR91_AX4_BL_TURP_A_W_B2_S6172"	3542114	2244887	0.37	169	0.935	"kept"	FALSE	0.18	3542114	1297227	2244887	0.366229601870521
"SC231_chip2_R13C52yesS_PR91_AX4_BL_TURP_A_W_B2_S6173"	3794996	2287022	0.4	163	0.792	"removed"	FALSE	0.3	3794996	1507974	2287022	0.39735852159001
"SC231_chip2_R13C58yesS_PR91_AX4_BL_TURP_A_W_B1_S6179"	3209237	2050930	0.36	149	0.982	"kept"	FALSE	0.22	3209237	1158307	2050930	0.360929093114656
"SC231_chip2_R13C59yesS_PR91_AX4_BL_TURP_A_W_B1_S6180"	2115011	1409264	0.33	98	0.964	"kept"	FALSE	0.18	2115011	705747	1409264	0.333684789346249
"SC231_chip2_R13C5yesS_PR91_AX4_BL_TURP_A_W_B1_S6126"	964360	596398	0.38	37	0.528	"removed"	FALSE	0.42	964360	367962	596398	0.381560827906591
"SC231_chip2_R13C62yesS_PR91_AX4_BL_TURP_A_W_B1_S6183"	2166395	1362733	0.37	96	0.879	"kept"	FALSE	0.23	2166395	803662	1362733	0.370967436686292
"SC231_chip2_R13C6yesS_PR91_AX4_BL_TURP_A_W_B1_S6127"	3553989	2188550	0.38	163	0.868	"kept"	FALSE	0.2	3553989	1365439	2188550	0.3841989944257
"SC231_chip2_R14C13yesS_PR91_AX4_BL_TURP_A_W_B2_S6206"	4171644	2448193	0.41	186	0.764	"removed"	FALSE	0.28	4171644	1723451	2448193	0.41313472578197
"SC231_chip2_R14C15yesS_PR91_AX4_BL_TURP_A_W_B2_S6208"	3343977	1960620	0.41	143	0.901	"kept"	FALSE	0.25	3343977	1383357	1960620	0.41368615872657
"SC231_chip2_R14C29yesS_PR91_AX4_BL_TURP_A_W_B2_S6222"	4688712	2872089	0.39	217	0.989	"kept"	FALSE	0.23	4688712	1816623	2872089	0.387446061946223
"SC231_chip2_R14C31yesS_PR91_AX4_BL_TURP_A_W_B2_S6224"	946019	540734	0.43	38	0.696	"removed"	FALSE	0.39	946019	405285	540734	0.428411057283205
"SC231_chip2_R14C37yesS_PR91_AX4_BL_TURP_A_W_B1_S6230"	3126447	1899869	0.39	130	0.813	"kept"	FALSE	0.32	3126447	1226578	1899869	0.392323298619807
"SC231_chip2_R14C38yesS_PR91_AX4_BL_TURP_A_W_B1_S6231"	2257772	1340023	0.41	91	0.681	"removed"	FALSE	0.36	2257772	917749	1340023	0.406484357145008
"SC231_chip2_R14C39yesS_PR91_AX4_BL_TURP_A_W_B1_S6232"	6606629	4159104	0.37	319	0.986	"kept"	FALSE	0.23	6606629	2447525	4159104	0.370465028382856
"SC231_chip2_R14C41yesS_PR91_AX4_BL_TURP_A_W_B1_S6234"	3935963	2390651	0.39	179	0.997	"kept"	TRUE	0.02	3935963	1545312	2390651	0.39261344682356
"SC231_chip2_R14C62yesS_PR91_AX4_BL_TURP_A_W_B1_S6255"	3081737	1904881	0.38	139	0.969	"kept"	FALSE	0.25	3081737	1176856	1904881	0.381880738038321
"SC231_chip2_R14C68yesS_PR91_AX4_BL_TURP_A_W_B2_S6261"	3803403	2330072	0.39	171	0.983	"kept"	FALSE	0.16	3803403	1473331	2330072	0.387371782585227
"SC231_chip2_R14C7yesS_PR91_AX4_BL_TURP_A_W_B1_S6200"	911365	526603	0.42	38	0.697	"removed"	FALSE	0.3	911365	384762	526603	0.422182111448212
"SC231_chip2_R14C8yesS_PR91_AX4_BL_TURP_A_W_B1_S6201"	1476792	861757	0.42	44	0.399	"removed"	FALSE	0.76	1476792	615035	861757	0.416466909354872
"SC231_chip2_R15C27yesS_PR91_AX4_BL_TURP_A_W_B2_S6292"	368040	209789	0.43	8	0.136	"removed"	FALSE	1.36	368040	158251	209789	0.429983154004999
"SC231_chip2_R15C29yesS_PR91_AX4_BL_TURP_A_W_B2_S6294"	3696652	2299754	0.38	172	0.989	"kept"	FALSE	0.21	3696652	1396898	2299754	0.37788193208341
"SC231_chip2_R15C31yesS_PR91_AX4_BL_TURP_A_W_B2_S6296"	4940059	3185497	0.36	244	0.986	"kept"	FALSE	0.23	4940059	1754562	3185497	0.355170252015209
"SC231_chip2_R15C33yesS_PR91_AX4_BL_TURP_A_W_B2_S6298"	2309426	1444660	0.37	102	0.966	"kept"	FALSE	0.21	2309426	864766	1444660	0.374450621063416
"SC231_chip2_R15C36yesS_PR91_AX4_BL_TURP_A_W_B1_S6301"	281425	167155	0.41	12	0.804	"kept"	FALSE	0.11	281425	114270	167155	0.406040685795505
"SC231_chip2_R15C38yesS_PR91_AX4_BL_TURP_A_W_B1_S6303"	3127948	2068103	0.34	152	0.525	"removed"	FALSE	0.46	3127948	1059845	2068103	0.338830760613668
"SC231_chip2_R15C48yesS_PR91_AX4_BL_TURP_A_W_B2_S6313"	2951341	1960040	0.34	141	0.975	"kept"	FALSE	0.23	2951341	991301	1960040	0.335881553503983
"SC231_chip2_R15C52yesS_PR91_AX4_BL_TURP_A_W_B2_S6317"	4015704	2532253	0.37	192	0.959	"kept"	FALSE	0.17	4015704	1483451	2532253	0.369412436773228
"SC231_chip2_R15C54yesS_PR91_AX4_BL_TURP_A_W_B1_S6319"	3100531	1978782	0.36	149	0.986	"kept"	FALSE	0.18	3100531	1121749	1978782	0.361792544567366
"SC231_chip2_R15C59yesS_PR91_AX4_BL_TURP_A_W_B1_S6324"	1194255	747729	0.37	50	0.64	"removed"	FALSE	0.36	1194255	446526	747729	0.373895022419835
"SC231_chip2_R15C60yesS_PR91_AX4_BL_TURP_A_W_B1_S6325"	2656124	1721166	0.35	125	0.995	"kept"	FALSE	0.2	2656124	934958	1721166	0.352000885500828
"SC231_chip2_R15C66yesS_PR91_AX4_BL_TURP_A_W_B2_S6331"	536493	328806	0.39	20	0.447	"removed"	FALSE	0.56	536493	207687	328806	0.38711968282904
"SC231_chip2_R15C68yesS_PR91_AX4_BL_TURP_A_W_B2_S6333"	4905439	3115823	0.36	231	0.982	"kept"	FALSE	0.21	4905439	1789616	3115823	0.364822801792052
"SC231_chip2_R15C70yesS_PR91_AX4_BL_TURP_A_W_B2_S6335"	2951624	1899432	0.36	139	0.993	"kept"	FALSE	0.21	2951624	1052192	1899432	0.356479009521538
"SC231_chip2_R16C11yesS_PR91_AX4_BL_TURP_A_W_B2_S6348"	4208538	2619005	0.38	191	0.931	"kept"	FALSE	0.22	4208538	1589533	2619005	0.377692443314044
"SC231_chip2_R16C13yesS_PR91_AX4_BL_TURP_A_W_B2_S6350"	1280765	839437	0.34	56	0.987	"kept"	FALSE	0.22	1280765	441328	839437	0.344581558677821
"SC231_chip2_R16C15yesS_PR91_AX4_BL_TURP_A_W_B2_S6352"	4550660	2683868	0.41	196	0.677	"removed"	FALSE	0.18	4550660	1866792	2683868	0.410224450958762
"SC231_chip2_R16C21yesS_PR91_AX4_BL_TURP_A_W_B1_S6358"	2233130	1329325	0.4	96	0.518	"removed"	FALSE	0.23	2233130	903805	1329325	0.404725654126719
"SC231_chip2_R16C23yesS_PR91_AX4_BL_TURP_A_W_B1_S6360"	5150597	3142373	0.39	232	0.959	"kept"	FALSE	0.22	5150597	2008224	3142373	0.389901209510276
"SC231_chip2_R16C25yesS_PR91_AX4_BL_TURP_A_W_B1_S6362"	4114067	2542464	0.38	192	0.983	"kept"	FALSE	0.23	4114067	1571603	2542464	0.382007147671635
"SC231_chip2_R16C27yesS_PR91_AX4_BL_TURP_A_W_B2_S6364"	3086240	1743389	0.44	122	0.855	"kept"	FALSE	0.29	3086240	1342851	1743389	0.435109064751931
"SC231_chip2_R16C28yesS_PR91_AX4_BL_TURP_A_W_B2_S6365"	4293176	2740393	0.36	202	0.993	"kept"	FALSE	0.21	4293176	1552783	2740393	0.361686313349371
"SC231_chip2_R16C29yesS_PR91_AX4_BL_TURP_A_W_B2_S6366"	5594652	3427796	0.39	261	0.853	"kept"	FALSE	0.2	5594652	2166856	3427796	0.387308450999276
"SC231_chip2_R16C2yesS_PR91_AX4_BL_TURP_A_W_B1_S6339"	5499912	3478650	0.37	266	0.984	"kept"	FALSE	0.24	5499912	2021262	3478650	0.367508061947173
"SC231_chip2_R16C37yesS_PR91_AX4_BL_TURP_A_W_B1_S6374"	3351318	2036054	0.39	147	0.767	"removed"	FALSE	0.27	3351318	1315264	2036054	0.392461712078651
"SC231_chip2_R16C39yesS_PR91_AX4_BL_TURP_A_W_B1_S6376"	6043680	3705310	0.39	287	0.902	"kept"	FALSE	0.25	6043680	2338370	3705310	0.386911616763297
"SC231_chip2_R16C46yesS_PR91_AX4_BL_TURP_A_W_B2_S6383"	1370245	738136	0.46	52	0.718	"removed"	FALSE	0.32	1370245	632109	738136	0.461310933446209
"SC231_chip2_R16C4yesS_PR91_AX4_BL_TURP_A_W_B1_S6341"	5633717	3422730	0.39	254	0.944	"kept"	FALSE	0.24	5633717	2210987	3422730	0.392456170588618
"SC231_chip2_R16C57yesS_PR91_AX4_BL_TURP_A_W_B1_S6394"	1398739	830304	0.41	61	0.316	"removed"	FALSE	0.56	1398739	568435	830304	0.406391042217311
"SC231_chip2_R16C5yesS_PR91_AX4_BL_TURP_A_W_B1_S6342"	2487650	1576424	0.37	113	0.637	"removed"	FALSE	0.35	2487650	911226	1576424	0.366299921612767
"SC231_chip2_R16C62yesS_PR91_AX4_BL_TURP_A_W_B1_S6399"	2335382	1396182	0.4	104	0.603	"removed"	FALSE	0.15	2335382	939200	1396182	0.402161188191054
"SC231_chip2_R16C65yesS_PR91_AX4_BL_TURP_A_W_B2_S6402"	4645019	2784071	0.4	207	0.994	"kept"	FALSE	0.21	4645019	1860948	2784071	0.400633022168478
"SC231_chip2_R16C69yesS_PR91_AX4_BL_TURP_A_W_B2_S6406"	3413596	2205335	0.35	164	0.988	"kept"	FALSE	0.23	3413596	1208261	2205335	0.353955476863694
"SC231_chip2_R16C70yesS_PR91_AX4_BL_TURP_A_W_B2_S6407"	2786590	1776735	0.36	128	0.911	"kept"	FALSE	0.24	2786590	1009855	1776735	0.362398128178168
"SC231_chip2_R16C8yesS_PR91_AX4_BL_TURP_A_W_B1_S6345"	3390384	2166691	0.36	156	0.987	"kept"	FALSE	0.21	3390384	1223693	2166691	0.36093050226759
"SC231_chip2_R17C0yesS_PR91_AX4_BL_TURP_A_W_B1_S6409"	4240144	2598178	0.39	187	0.926	"kept"	FALSE	0.24	4240144	1641966	2598178	0.38724298042708
"SC231_chip2_R17C10yesS_PR91_AX4_BL_TURP_A_W_B2_S6419"	4596255	2617882	0.43	189	0.98	"kept"	FALSE	0.22	4596255	1978373	2617882	0.430431514352446
"SC231_chip2_R17C17yesS_PR91_AX4_BL_TURP_A_W_B2_S6426"	4302702	2638509	0.39	194	0.952	"kept"	FALSE	0.22	4302702	1664193	2638509	0.386778587036704
"SC231_chip2_R17C18yesS_PR91_AX4_BL_TURP_A_W_B1_S6427"	3571325	2148420	0.4	152	0.483	"removed"	FALSE	0.42	3571325	1422905	2148420	0.398424954323675
"SC231_chip2_R17C21yesS_PR91_AX4_BL_TURP_A_W_B1_S6430"	2328815	1352501	0.42	79	0.533	"removed"	FALSE	0.68	2328815	976314	1352501	0.419232098728323
"SC231_chip2_R17C22yesS_PR91_AX4_BL_TURP_A_W_B1_S6431"	374066	217547	0.42	14	0.558	"removed"	FALSE	0.4	374066	156519	217547	0.418426160089396
"SC231_chip2_R17C24yesS_PR91_AX4_BL_TURP_A_W_B1_S6433"	5535377	3262484	0.41	246	0.661	"removed"	FALSE	0.13	5535377	2272893	3262484	0.410612140781016
"SC231_chip2_R17C36yesS_PR91_AX4_BL_TURP_A_W_B1_S6445"	4799510	2924026	0.39	220	0.968	"kept"	FALSE	0.24	4799510	1875484	2924026	0.390765724000992
"SC231_chip2_R17C39yesS_PR91_AX4_BL_TURP_A_W_B1_S6448"	3008685	1696264	0.44	115	0.669	"removed"	FALSE	0.34	3008685	1312421	1696264	0.436210836295591
"SC231_chip2_R17C41yesS_PR91_AX4_BL_TURP_A_W_B1_S6450"	4792157	2778474	0.42	209	0.92	"kept"	FALSE	0.19	4792157	2013683	2778474	0.420203887310036
"SC231_chip2_R17C42yesS_PR91_AX4_BL_TURP_A_W_B1_S6451"	3747201	2308626	0.38	168	0.973	"kept"	FALSE	0.22	3747201	1438575	2308626	0.383906547847313
"SC231_chip2_R17C43yesS_PR91_AX4_BL_TURP_A_W_B1_S6452"	4905517	2942780	0.4	214	0.601	"removed"	FALSE	0.42	4905517	1962737	2942780	0.400108082389685
"SC231_chip2_R17C46yesS_PR91_AX4_BL_TURP_A_W_B2_S6455"	5898904	3439341	0.42	249	0.873	"kept"	FALSE	0.22	5898904	2459563	3439341	0.416952538980122
"SC231_chip2_R17C47yesS_PR91_AX4_BL_TURP_A_W_B2_S6456"	6189188	3903442	0.37	295	0.989	"kept"	FALSE	0.21	6189188	2285746	3903442	0.369312743448737
"SC231_chip2_R17C48yesS_PR91_AX4_BL_TURP_A_W_B2_S6457"	5538169	3382105	0.39	255	0.991	"kept"	FALSE	0.23	5538169	2156064	3382105	0.389309896465781
"SC231_chip2_R17C51yesS_PR91_AX4_BL_TURP_A_W_B2_S6460"	5045265	3047478	0.4	232	0.979	"kept"	FALSE	0.17	5045265	1997787	3047478	0.395972659513425
"SC231_chip2_R17C54yesS_PR91_AX4_BL_TURP_A_W_B1_S6463"	706422	400797	0.43	26	0.649	"removed"	FALSE	0.28	706422	305625	400797	0.432637998250338
"SC231_chip2_R17C64yesS_PR91_AX4_BL_TURP_A_W_B2_S6473"	187357	122840	0.34	8	0.578	"removed"	FALSE	0.45	187357	64517	122840	0.344353293445134
"SC231_chip2_R17C70yesS_PR91_AX4_BL_TURP_A_W_B2_S6479"	1407711	854774	0.39	62	0.903	"kept"	FALSE	0.19	1407711	552937	854774	0.392791560199501
"SC231_chip2_R17C9yesS_PR91_AX4_BL_TURP_A_W_B2_S6418"	3527135	2102287	0.4	152	0.862	"kept"	FALSE	0.29	3527135	1424848	2102287	0.403967526051597
"SC231_chip2_R1C27yesS_PR91_AX4_BL_TURP_A_W_A2_S5284"	5637512	3494755	0.38	263	0.993	"kept"	FALSE	0.21	5637512	2142757	3494755	0.380089124422263
"SC231_chip2_R1C29yesS_PR91_AX4_BL_TURP_A_W_A2_S5286"	214791	134372	0.37	8	0.438	"removed"	FALSE	0.4	214791	80419	134372	0.374405817748416
"SC231_chip2_R1C31yesS_PR91_AX4_BL_TURP_A_W_A2_S5288"	1004242	610438	0.39	42	0.663	"removed"	FALSE	0.37	1004242	393804	610438	0.392140539830041
"SC231_chip2_R1C58yesS_PR91_AX4_BL_TURP_D_W_A1_S5315"	214075	126375	0.41	7	0.494	"removed"	FALSE	0.35	214075	87700	126375	0.409669508349877
"SC231_chip2_R1C71yesS_PR91_AX4_BL_TURP_A_W_A2_S5328"	967198	658646	0.32	49	0.367	"removed"	FALSE	0.58	967198	308552	658646	0.319016375137252
"SC231_chip2_R2C0yesS_PR91_AX4_BL_TURP_D_W_A1_S5329"	3117591	1926630	0.38	140	0.962	"kept"	FALSE	0.23	3117591	1190961	1926630	0.382013227520865
"SC231_chip2_R2C10yesS_PR91_AX4_BL_TURP_A_W_A2_S5339"	5620129	3386592	0.4	252	0.729	"removed"	FALSE	0.23	5620129	2233537	3386592	0.397417390241398
"SC231_chip2_R2C27yesS_PR91_AX4_BL_TURP_A_W_A2_S5356"	3613488	2059091	0.43	152	0.768	"removed"	FALSE	0.21	3613488	1554397	2059091	0.430165258608857
"SC231_chip2_R2C29yesS_PR91_AX4_BL_TURP_A_W_A2_S5358"	4405259	2665389	0.39	195	0.976	"kept"	FALSE	0.22	4405259	1739870	2665389	0.394952941472908
"SC231_chip2_R2C46yesS_PR91_AX4_BL_TURP_A_W_A2_S5375"	202667	110999	0.45	8	0.554	"removed"	FALSE	0.32	202667	91668	110999	0.452308466597917
"SC231_chip2_R2C47yesS_PR91_AX4_BL_TURP_A_W_A2_S5376"	1882262	1111192	0.41	79	0.694	"removed"	FALSE	0.32	1882262	771070	1111192	0.409650728750833
"SC231_chip2_R2C48yesS_PR91_AX4_BL_TURP_A_W_A2_S5377"	3542991	2212586	0.38	168	0.933	"kept"	FALSE	0.24	3542991	1330405	2212586	0.375503352957995
"SC231_chip2_R2C49yesS_PR91_AX4_BL_TURP_A_W_A2_S5378"	2367995	1638178	0.31	121	0.681	"removed"	FALSE	0.33	2367995	729817	1638178	0.308200397382596
"SC231_chip2_R2C4yesS_PR91_AX4_BL_TURP_D_W_A1_S5333"	218516	129024	0.41	9	0.62	"removed"	FALSE	0.15	218516	89492	129024	0.409544381189478
"SC231_chip2_R2C52yesS_PR91_AX4_BL_TURP_A_W_A2_S5381"	6577420	3981557	0.39	308	0.97	"kept"	FALSE	0.24	6577420	2595863	3981557	0.394662800915861
"SC231_chip2_R2C63yesS_PR91_AX4_BL_TURP_A_W_A2_S5392"	3673524	2352566	0.36	178	0.891	"kept"	FALSE	0.24	3673524	1320958	2352566	0.359588776335747
"SC231_chip2_R2C65yesS_PR91_AX4_BL_TURP_A_W_A2_S5394"	3191275	1826093	0.43	130	0.985	"kept"	FALSE	0.21	3191275	1365182	1826093	0.427785759610187
"SC231_chip2_R2C66yesS_PR91_AX4_BL_TURP_A_W_A2_S5395"	194206	108894	0.44	6	0.307	"removed"	FALSE	0.55	194206	85312	108894	0.439286118863475
"SC231_chip2_R2C7yesS_PR91_AX4_BL_TURP_D_W_A1_S5336"	1985451	1218418	0.39	90	0.433	"removed"	FALSE	0.15	1985451	767033	1218418	0.386326834557992
"SC231_chip2_R36C10yesS_PR91_AX4_BL_TURP_A_W_A2_S7787"	1047211	671382	0.36	45	0.981	"kept"	FALSE	0.21	1047211	375829	671382	0.358885649596882
"SC231_chip2_R36C45yesS_PR91_AX4_BL_TURP_A_W_A2_S7822"	1044526	622909	0.4	40	0.546	"removed"	FALSE	0.44	1044526	421617	622909	0.403644332453189
"SC231_chip2_R36C49yesS_PR91_AX4_BL_TURP_A_W_A2_S7826"	320333	191777	0.4	12	0.529	"removed"	FALSE	0.27	320333	128556	191777	0.401319876503514
"SC231_chip2_R36C50yesS_PR91_AX4_BL_TURP_A_W_A2_S7827"	5107540	3289806	0.36	242	0.987	"kept"	FALSE	0.21	5107540	1817734	3289806	0.355892269076698
"SC231_chip2_R36C51yesS_PR91_AX4_BL_TURP_A_W_A2_S7828"	1494802	909468	0.39	59	0.605	"removed"	FALSE	0.41	1494802	585334	909468	0.391579620578511
"SC231_chip2_R36C63yesS_PR91_AX4_BL_TURP_A_W_A2_S7840"	3524037	2213256	0.37	156	0.978	"kept"	FALSE	0.22	3524037	1310781	2213256	0.371954380728693
"SC231_chip2_R36C64yesS_PR91_AX4_BL_TURP_A_W_A2_S7841"	3637731	2471713	0.32	179	0.929	"kept"	FALSE	0.23	3637731	1166018	2471713	0.320534421044327
"SC231_chip2_R36C70yesS_PR91_AX4_BL_TURP_A_W_A2_S7847"	3101249	1980775	0.36	141	0.973	"kept"	FALSE	0.23	3101249	1120474	1980775	0.361297657814642
"SC231_chip2_R36C71yesS_PR91_AX4_BL_TURP_A_W_A2_S7848"	147550	112054	0.24	7	0.739	"removed"	FALSE	0.15	147550	35496	112054	0.240569298542867
"SC231_chip2_R37C11yesS_PR91_AX4_BL_TURP_A_W_A2_S7860"	277325	158813	0.43	10	0.684	"removed"	FALSE	0.45	277325	118512	158813	0.427339763815018
"SC231_chip2_R37C13yesS_PR91_AX4_BL_TURP_A_W_A2_S7862"	3404826	1949674	0.43	140	0.955	"kept"	FALSE	0.23	3404826	1455152	1949674	0.427379255210105
"SC231_chip2_R37C15yesS_PR91_AX4_BL_TURP_A_W_A2_S7864"	1040933	577172	0.45	34	0.524	"removed"	FALSE	0.69	1040933	463761	577172	0.445524351711397
"SC231_chip2_R37C31yesS_PR91_AX4_BL_TURP_A_W_A2_S7880"	2297285	1318514	0.43	95	0.274	"removed"	FALSE	0.72	2297285	978771	1318514	0.42605553947377
"SC231_chip2_R37C32yesS_PR91_AX4_BL_TURP_A_W_A2_S7881"	5992349	3956861	0.34	305	0.971	"kept"	FALSE	0.24	5992349	2035488	3956861	0.339681150079877
"SC231_chip2_R37C34yesS_PR91_AX4_BL_TURP_A_W_A2_S7883"	5876150	3629194	0.38	267	0.634	"removed"	FALSE	0.28	5876150	2246956	3629194	0.382385745768913
"SC231_chip2_R37C36yesS_PR91_AX4_BL_TURP_D_W_A1_S7885"	308984	188322	0.39	12	0.574	"removed"	FALSE	0.31	308984	120662	188322	0.390512130077933
"SC231_chip2_R37C39yesS_PR91_AX4_BL_TURP_D_W_A1_S7888"	4267598	2451824	0.43	182	1	"kept"	TRUE	0	4267598	1815774	2451824	0.425479157127733
"SC231_chip2_R37C50yesS_PR91_AX4_BL_TURP_A_W_A2_S7899"	4210791	2626579	0.38	189	0.955	"kept"	FALSE	0.23	4210791	1584212	2626579	0.376226699449106
"SC231_chip2_R37C52yesS_PR91_AX4_BL_TURP_A_W_A2_S7901"	646770	361314	0.44	25	0.544	"removed"	FALSE	0.22	646770	285456	361314	0.441356278120507
"SC231_chip2_R37C59yesS_PR91_AX4_BL_TURP_D_W_A1_S7908"	3069209	1838522	0.4	137	0.916	"kept"	FALSE	0.25	3069209	1230687	1838522	0.400978558319098
"SC231_chip2_R37C60yesS_PR91_AX4_BL_TURP_D_W_A1_S7909"	497158	287402	0.42	16	0.308	"removed"	FALSE	0.63	497158	209756	287402	0.421910137219958
"SC231_chip2_R37C62yesS_PR91_AX4_BL_TURP_D_W_A1_S7911"	1077866	624629	0.42	42	0.365	"removed"	FALSE	0.31	1077866	453237	624629	0.420494755377756
"SC231_chip2_R37C67yesS_PR91_AX4_BL_TURP_A_W_A2_S7916"	1469325	840253	0.43	55	0.29	"removed"	FALSE	0.64	1469325	629072	840253	0.428136729450598
"SC231_chip2_R38C10yesS_PR91_AX4_BL_TURP_A_W_A2_S7931"	4762643	2718038	0.43	199	0.988	"kept"	FALSE	0.21	4762643	2044605	2718038	0.429300495544176
"SC231_chip2_R38C14yesS_PR91_AX4_BL_TURP_A_W_A2_S7935"	724148	410719	0.43	27	0.364	"removed"	FALSE	0.23	724148	313429	410719	0.432824505487828
"SC231_chip2_R38C15yesS_PR91_AX4_BL_TURP_A_W_A2_S7936"	509123	275200	0.46	18	0.537	"removed"	FALSE	0.34	509123	233923	275200	0.459462644586868
"SC231_chip2_R38C16yesS_PR91_AX4_BL_TURP_A_W_A2_S7937"	2711624	1504895	0.45	108	0.643	"removed"	FALSE	0.1	2711624	1206729	1504895	0.445020769841246
"SC231_chip2_R38C17yesS_PR91_AX4_BL_TURP_A_W_A2_S7938"	5610474	3402078	0.39	253	0.961	"kept"	FALSE	0.24	5610474	2208396	3402078	0.393620218184774
"SC231_chip2_R38C30yesS_PR91_AX4_BL_TURP_A_W_A2_S7951"	4250133	2470556	0.42	176	0.993	"kept"	FALSE	0.21	4250133	1779577	2470556	0.418710896811935
"SC231_chip2_R38C33yesS_PR91_AX4_BL_TURP_A_W_A2_S7954"	434904	254696	0.41	15	0.511	"removed"	FALSE	0.41	434904	180208	254696	0.414362709931387
"SC231_chip2_R38C35yesS_PR91_AX4_BL_TURP_A_W_A2_S7956"	4612273	3276753	0.29	248	0.984	"kept"	FALSE	0.21	4612273	1335520	3276753	0.289557881764588
"SC231_chip2_R38C53yesS_PR91_AX4_BL_TURP_A_W_A2_S7974"	1713515	1098474	0.36	71	0.952	"kept"	FALSE	0.22	1713515	615041	1098474	0.358935287989892
"SC231_chip2_R38C54yesS_PR91_AX4_BL_TURP_D_W_A1_S7975"	2455145	1409800	0.43	102	0.634	"removed"	FALSE	0.19	2455145	1045345	1409800	0.425777296249305
"SC231_chip2_R38C58yesS_PR91_AX4_BL_TURP_D_W_A1_S7979"	2542156	1484417	0.42	108	0.949	"kept"	TRUE	0.04	2542156	1057739	1484417	0.416079501021967
"SC231_chip2_R38C66yesS_PR91_AX4_BL_TURP_A_W_A2_S7987"	461407	278613	0.4	18	0.771	"removed"	FALSE	0.37	461407	182794	278613	0.396166508093722
"SC231_chip2_R39C16yesS_PR91_AX4_BL_TURP_A_W_A2_S8009"	4091495	2351881	0.43	167	0.979	"kept"	FALSE	0.22	4091495	1739614	2351881	0.425178082827915
"SC231_chip2_R39C18yesS_PR91_AX4_BL_TURP_D_W_A1_S8011"	2957678	1625864	0.45	120	0.522	"removed"	FALSE	0.17	2957678	1331814	1625864	0.450290396723376
"SC231_chip2_R39C19yesS_PR91_AX4_BL_TURP_D_W_A1_S8012"	291446	183656	0.37	12	0.569	"removed"	FALSE	0.24	291446	107790	183656	0.369845528845824
"SC231_chip2_R39C29yesS_PR91_AX4_BL_TURP_A_W_A2_S8022"	6449766	3798759	0.41	287	0.99	"kept"	FALSE	0.22	6449766	2651007	3798759	0.41102374876856
"SC231_chip2_R39C34yesS_PR91_AX4_BL_TURP_A_W_A2_S8027"	1385512	773484	0.44	56	0.796	"removed"	FALSE	0.25	1385512	612028	773484	0.44173417480325
"SC231_chip2_R39C36yesS_PR91_AX4_BL_TURP_D_W_A1_S8029"	4145490	2586809	0.38	193	0.981	"kept"	FALSE	0.24	4145490	1558681	2586809	0.375994393907596
"SC231_chip2_R39C39yesS_PR91_AX4_BL_TURP_D_W_A1_S8032"	3327981	1829841	0.45	127	0.46	"removed"	FALSE	0.27	3327981	1498140	1829841	0.450164829666996
"SC231_chip2_R39C48yesS_PR91_AX4_BL_TURP_A_W_A2_S8041"	2601205	1489507	0.43	96	0.677	"removed"	FALSE	0.34	2601205	1111698	1489507	0.42737808054344
"SC231_chip2_R39C52yesS_PR91_AX4_BL_TURP_A_W_A2_S8045"	2595283	1420280	0.45	95	0.61	"removed"	FALSE	0.46	2595283	1175003	1420280	0.452745615796042
"SC231_chip2_R39C55yesS_PR91_AX4_BL_TURP_D_W_A1_S8048"	2474064	1424072	0.42	103	0.701	"removed"	FALSE	0.12	2474064	1049992	1424072	0.424399692166411
"SC231_chip2_R39C56yesS_PR91_AX4_BL_TURP_D_W_A1_S8049"	314110	184737	0.41	10	0.352	"removed"	FALSE	0.55	314110	129373	184737	0.411871637324504
"SC231_chip2_R39C69yesS_PR91_AX4_BL_TURP_A_W_A2_S8062"	2911861	1866106	0.36	135	0.976	"kept"	FALSE	0.23	2911861	1045755	1866106	0.359136304926643
"SC231_chip2_R39C71yesS_PR91_AX4_BL_TURP_A_W_A2_S8064"	3526510	2263897	0.36	169	0.979	"kept"	FALSE	0.24	3526510	1262613	2263897	0.358034714207531
"SC231_chip2_R39C8yesS_PR91_AX4_BL_TURP_D_W_A1_S8001"	168640	104194	0.38	6	0.412	"removed"	FALSE	0.5	168640	64446	104194	0.382151328273245
"SC231_chip2_R3C21yesS_PR91_AX4_BL_TURP_D_W_A1_S5422"	232187	147120	0.37	10	0.495	"removed"	FALSE	0.31	232187	85067	147120	0.366372794342491
"SC231_chip2_R3C29yesS_PR91_AX4_BL_TURP_A_W_A2_S5430"	5906198	3595224	0.39	259	0.984	"kept"	FALSE	0.2	5906198	2310974	3595224	0.391279466079532
"SC231_chip2_R3C34yesS_PR91_AX4_BL_TURP_A_W_A2_S5435"	353352	198771	0.44	12	0.58	"removed"	FALSE	0.38	353352	154581	198771	0.437470284588739
"SC231_chip2_R3C40yesS_PR91_AX4_BL_TURP_D_W_A1_S5441"	4890607	3039990	0.38	233	0.975	"kept"	FALSE	0.22	4890607	1850617	3039990	0.378402312841739
"SC231_chip2_R3C43yesS_PR91_AX4_BL_TURP_D_W_A1_S5444"	4078194	2456989	0.4	182	0.991	"kept"	TRUE	0.01	4078194	1621205	2456989	0.397530132210483
"SC231_chip2_R3C45yesS_PR91_AX4_BL_TURP_A_W_A2_S5446"	3825154	2452047	0.36	188	0.986	"kept"	FALSE	0.23	3825154	1373107	2452047	0.358967769663653
"SC231_chip2_R3C47yesS_PR91_AX4_BL_TURP_A_W_A2_S5448"	909151	620000	0.32	41	0.958	"kept"	FALSE	0.16	909151	289151	620000	0.318045077220396
"SC231_chip2_R3C53yesS_PR91_AX4_BL_TURP_A_W_A2_S5454"	3673496	2141506	0.42	155	0.984	"kept"	FALSE	0.22	3673496	1531990	2141506	0.417038701008522
"SC231_chip2_R3C55yesS_PR91_AX4_BL_TURP_D_W_A1_S5456"	3005208	1818264	0.39	132	0.957	"kept"	TRUE	0.03	3005208	1186944	1818264	0.39496234536844
"SC231_chip2_R3C9yesS_PR91_AX4_BL_TURP_A_W_A2_S5410"	4026070	2520841	0.37	189	0.979	"kept"	FALSE	0.21	4026070	1505229	2520841	0.373870548698855
"SC231_chip2_R40C21yesS_PR91_AX4_BL_TURP_D_W_A1_S8086"	1347323	914990	0.32	61	0.989	"kept"	FALSE	0.22	1347323	432333	914990	0.320882965703102
"SC231_chip2_R40C24yesS_PR91_AX4_BL_TURP_D_W_A1_S8089"	1050537	619341	0.41	40	0.516	"removed"	FALSE	0.25	1050537	431196	619341	0.410452939782226
"SC231_chip2_R40C33yesS_PR91_AX4_BL_TURP_A_W_A2_S8098"	3853515	2387128	0.38	172	0.978	"kept"	FALSE	0.22	3853515	1466387	2387128	0.380532319194294
"SC231_chip2_R40C34yesS_PR91_AX4_BL_TURP_A_W_A2_S8099"	3820893	2324396	0.39	168	0.968	"kept"	FALSE	0.21	3820893	1496497	2324396	0.391661582776592
"SC231_chip2_R40C35yesS_PR91_AX4_BL_TURP_A_W_A2_S8100"	2497775	1825743	0.27	134	0.993	"kept"	FALSE	0.21	2497775	672032	1825743	0.269052256508292
"SC231_chip2_R40C40yesS_PR91_AX4_BL_TURP_D_W_A1_S8105"	249913	157908	0.37	10	0.589	"removed"	FALSE	0.33	249913	92005	157908	0.368148115544209
"SC231_chip2_R40C44yesS_PR91_AX4_BL_TURP_D_W_A1_S8109"	2241651	1408787	0.37	102	0.916	"kept"	TRUE	0.04	2241651	832864	1408787	0.371540440505681
"SC231_chip2_R40C45yesS_PR91_AX4_BL_TURP_A_W_A2_S8110"	4042152	2627869	0.35	198	0.983	"kept"	FALSE	0.18	4042152	1414283	2627869	0.349883675824165
"SC231_chip2_R40C49yesS_PR91_AX4_BL_TURP_A_W_A2_S8114"	4159850	2860068	0.31	218	0.98	"kept"	FALSE	0.23	4159850	1299782	2860068	0.312458862699376
"SC231_chip2_R40C51yesS_PR91_AX4_BL_TURP_A_W_A2_S8116"	5775121	3673032	0.36	278	0.979	"kept"	FALSE	0.23	5775121	2102089	3673032	0.363990468771131
"SC231_chip2_R40C57yesS_PR91_AX4_BL_TURP_D_W_A1_S8122"	213684	135771	0.36	10	0.546	"removed"	FALSE	0.21	213684	77913	135771	0.364617846914135
"SC231_chip2_R40C70yesS_PR91_AX4_BL_TURP_A_W_A2_S8135"	225299	166723	0.26	11	0.84	"kept"	FALSE	0.08	225299	58576	166723	0.259992276929769
"SC231_chip2_R41C10yesS_PR91_AX4_BL_TURP_A_W_A2_S8147"	5822809	3458664	0.41	255	0.908	"kept"	FALSE	0.24	5822809	2364145	3458664	0.406014519796201
"SC231_chip2_R41C13yesS_PR91_AX4_BL_TURP_A_W_A2_S8150"	5622561	3272634	0.42	247	0.97	"kept"	FALSE	0.22	5622561	2349927	3272634	0.417946021394877
"SC231_chip2_R41C28yesS_PR91_AX4_BL_TURP_A_W_A2_S8165"	5688771	3628939	0.36	267	0.976	"kept"	FALSE	0.22	5688771	2059832	3628939	0.362087347161628
"SC231_chip2_R41C41yesS_PR91_AX4_BL_TURP_D_W_A1_S8178"	3263157	1842824	0.44	137	0.873	"kept"	FALSE	0.05	3263157	1420333	1842824	0.435263458056109
"SC231_chip2_R41C45yesS_PR91_AX4_BL_TURP_A_W_A2_S8182"	4439136	2812868	0.37	209	0.98	"kept"	FALSE	0.22	4439136	1626268	2812868	0.36634786589102
"SC231_chip2_R41C46yesS_PR91_AX4_BL_TURP_A_W_A2_S8183"	7066039	4195650	0.41	316	0.98	"kept"	FALSE	0.21	7066039	2870389	4195650	0.406223203693045
"SC231_chip2_R41C50yesS_PR91_AX4_BL_TURP_A_W_A2_S8187"	4720324	2961527	0.37	222	0.891	"kept"	FALSE	0.23	4720324	1758797	2961527	0.372600906208981
"SC231_chip2_R41C51yesS_PR91_AX4_BL_TURP_A_W_A2_S8188"	5105461	3138450	0.39	230	0.954	"kept"	FALSE	0.23	5105461	1967011	3138450	0.385275883999506
"SC231_chip2_R41C52yesS_PR91_AX4_BL_TURP_A_W_A2_S8189"	538324	298981	0.44	18	0.668	"removed"	FALSE	0.42	538324	239343	298981	0.444607708368938
"SC231_chip2_R41C53yesS_PR91_AX4_BL_TURP_A_W_A2_S8190"	5330862	3071166	0.42	228	0.97	"kept"	FALSE	0.24	5330862	2259696	3071166	0.423889419759881
"SC231_chip2_R41C57yesS_PR91_AX4_BL_TURP_D_W_A1_S8194"	2822389	1710752	0.39	125	1	"kept"	TRUE	0	2822389	1111637	1710752	0.393863850801573
"SC231_chip2_R41C61yesS_PR91_AX4_BL_TURP_D_W_A1_S8198"	310254	183320	0.41	12	0.78	"removed"	FALSE	0.27	310254	126934	183320	0.409129294062284
"SC231_chip2_R41C64yesS_PR91_AX4_BL_TURP_A_W_A2_S8201"	2074011	1347276	0.35	100	0.925	"kept"	FALSE	0.24	2074011	726735	1347276	0.350400745222663
"SC231_chip2_R42C11yesS_PR91_AX4_BL_TURP_A_W_A2_S8220"	4232705	2715656	0.36	197	0.98	"kept"	FALSE	0.22	4232705	1517049	2715656	0.358411228753244
"SC231_chip2_R42C12yesS_PR91_AX4_BL_TURP_A_W_A2_S8221"	5647673	3465755	0.39	263	0.991	"kept"	FALSE	0.22	5647673	2181918	3465755	0.386339294077401
"SC231_chip2_R42C16yesS_PR91_AX4_BL_TURP_A_W_A2_S8225"	4014576	2485383	0.38	173	0.77	"removed"	FALSE	0.28	4014576	1529193	2485383	0.380910213183161
"SC231_chip2_R42C17yesS_PR91_AX4_BL_TURP_A_W_A2_S8226"	4251556	2714632	0.36	199	0.922	"kept"	FALSE	0.23	4251556	1536924	2714632	0.361496826103196
"SC231_chip2_R42C25yesS_PR91_AX4_BL_TURP_D_W_A1_S8234"	827306	504801	0.39	35	0.503	"removed"	FALSE	0.16	827306	322505	504801	0.389825530094064
"SC231_chip2_R42C27yesS_PR91_AX4_BL_TURP_A_W_A2_S8236"	8308129	4992656	0.4	386	0.993	"kept"	FALSE	0.22	8308129	3315473	4992656	0.399063736251568
"SC231_chip2_R42C30yesS_PR91_AX4_BL_TURP_A_W_A2_S8239"	4923325	3065821	0.38	216	0.837	"kept"	FALSE	0.42	4923325	1857504	3065821	0.377286488298051
"SC231_chip2_R42C45yesS_PR91_AX4_BL_TURP_A_W_A2_S8254"	867025	535557	0.38	36	0.765	"removed"	FALSE	0.24	867025	331468	535557	0.382305008506098
"SC231_chip2_R42C47yesS_PR91_AX4_BL_TURP_A_W_A2_S8256"	2890028	1816385	0.37	124	0.417	"removed"	FALSE	0.53	2890028	1073643	1816385	0.371499168866184
"SC231_chip2_R42C53yesS_PR91_AX4_BL_TURP_A_W_A2_S8262"	1150302	628923	0.45	40	0.415	"removed"	FALSE	0.66	1150302	521379	628923	0.453254015032574
"SC231_chip2_R42C56yesS_PR91_AX4_BL_TURP_D_W_A1_S8265"	1620485	969740	0.4	67	0.625	"removed"	FALSE	0.13	1620485	650745	969740	0.401574220063746
"SC231_chip2_R42C5yesS_PR91_AX4_BL_TURP_D_W_A1_S8214"	1691625	1040946	0.38	72	0.699	"removed"	FALSE	0.13	1691625	650679	1040946	0.384647306583906
"SC231_chip2_R42C62yesS_PR91_AX4_BL_TURP_D_W_A1_S8271"	301128	191360	0.36	11	0.667	"removed"	FALSE	0.14	301128	109768	191360	0.364522727876518
"SC231_chip2_R42C63yesS_PR91_AX4_BL_TURP_A_W_A2_S8272"	826905	509780	0.38	32	0.41	"removed"	FALSE	0.44	826905	317125	509780	0.383508383671643
"SC231_chip2_R42C6yesS_PR91_AX4_BL_TURP_D_W_A1_S8215"	537407	324684	0.4	21	0.639	"removed"	FALSE	0.47	537407	212723	324684	0.395832209107808
"SC231_chip2_R42C8yesS_PR91_AX4_BL_TURP_D_W_A1_S8217"	1450828	895832	0.38	63	0.544	"removed"	FALSE	0.14	1450828	554996	895832	0.382537420011194
"SC231_chip2_R43C19yesS_PR91_AX4_BL_TURP_D_W_A1_S8300"	187255	125462	0.33	8	0.725	"removed"	FALSE	0.12	187255	61793	125462	0.329993858641959
"SC231_chip2_R43C33yesS_PR91_AX4_BL_TURP_A_W_A2_S8314"	4386580	2784232	0.37	205	0.976	"kept"	FALSE	0.22	4386580	1602348	2784232	0.365284116555494
"SC231_chip2_R43C34yesS_PR91_AX4_BL_TURP_A_W_A2_S8315"	4093839	2592540	0.37	190	0.992	"kept"	FALSE	0.22	4093839	1501299	2592540	0.366721554023009
"SC231_chip2_R43C36yesS_PR91_AX4_BL_TURP_D_W_A1_S8317"	726709	456229	0.37	30	0.92	"kept"	TRUE	0.04	726709	270480	456229	0.372198500362594
"SC231_chip2_R43C48yesS_PR91_AX4_BL_TURP_A_W_A2_S8329"	3799576	2398430	0.37	177	0.968	"kept"	FALSE	0.25	3799576	1401146	2398430	0.368763777853108
"SC231_chip2_R43C60yesS_PR91_AX4_BL_TURP_D_W_A1_S8341"	3459277	2274879	0.34	169	0.855	"kept"	FALSE	0.06	3459277	1184398	2274879	0.342383104908916
"SC231_chip2_R43C65yesS_PR91_AX4_BL_TURP_A_W_A2_S8346"	3004982	1827632	0.39	135	0.999	"kept"	TRUE	0.01	3004982	1177350	1827632	0.391799351876317
"SC231_chip2_R43C69yesS_PR91_AX4_BL_TURP_A_W_A2_S8350"	992000	612286	0.38	43	0.867	"kept"	FALSE	0.24	992000	379714	612286	0.382776209677419
"SC231_chip2_R43C8yesS_PR91_AX4_BL_TURP_D_W_A1_S8289"	315021	206117	0.35	12	0.478	"removed"	FALSE	0.33	315021	108904	206117	0.345703937197838
"SC231_chip2_R43C9yesS_PR91_AX4_BL_TURP_A_W_A2_S8290"	5000755	3255560	0.35	242	0.954	"kept"	FALSE	0.24	5000755	1745195	3255560	0.348986303068237
"SC231_chip2_R44C10yesS_PR91_AX4_BL_TURP_A_W_A2_S8363"	4738108	2905671	0.39	213	0.993	"kept"	FALSE	0.21	4738108	1832437	2905671	0.386744455803878
"SC231_chip2_R44C17yesS_PR91_AX4_BL_TURP_A_W_A2_S8370"	807249	490978	0.39	36	0.856	"kept"	FALSE	0.27	807249	316271	490978	0.391788655049433
"SC231_chip2_R44C18yesS_PR91_AX4_BL_TURP_D_W_A1_S8371"	561709	335403	0.4	22	0.723	"removed"	FALSE	0.46	561709	226306	335403	0.402888328298105
"SC231_chip2_R44C1yesS_PR91_AX4_BL_TURP_D_W_A1_S8354"	2088505	1300863	0.38	91	0.786	"removed"	FALSE	0.42	2088505	787642	1300863	0.377131967603621
"SC231_chip2_R44C22yesS_PR91_AX4_BL_TURP_D_W_A1_S8375"	1881792	1181899	0.37	88	0.684	"removed"	FALSE	0.09	1881792	699893	1181899	0.371928991089345
"SC231_chip2_R44C39yesS_PR91_AX4_BL_TURP_D_W_A1_S8392"	3143299	1971504	0.37	143	0.999	"kept"	TRUE	0.02	3143299	1171795	1971504	0.372791452547149
"SC231_chip2_R44C49yesS_PR91_AX4_BL_TURP_A_W_A2_S8402"	2501428	1643116	0.34	117	0.977	"kept"	FALSE	0.21	2501428	858312	1643116	0.343128804826683
"SC231_chip2_R44C50yesS_PR91_AX4_BL_TURP_A_W_A2_S8403"	4043332	2727161	0.33	200	0.978	"kept"	FALSE	0.2	4043332	1316171	2727161	0.325516430508304
"SC231_chip2_R44C62yesS_PR91_AX4_BL_TURP_D_W_A1_S8415"	767148	537907	0.3	35	0.941	"kept"	FALSE	0.26	767148	229241	537907	0.298822391507245
"SC231_chip2_R44C7yesS_PR91_AX4_BL_TURP_D_W_A1_S8360"	3258780	2047944	0.37	151	0.997	"kept"	TRUE	0.02	3258780	1210836	2047944	0.37156113637619
"SC231_chip2_R44C9yesS_PR91_AX4_BL_TURP_A_W_A2_S8362"	3329299	2222771	0.33	166	0.983	"kept"	FALSE	0.17	3329299	1106528	2222771	0.33236065610208
"SC231_chip2_R45C15yesS_PR91_AX4_BL_TURP_A_W_B2_S8440"	2477896	1359647	0.45	93	0.748	"removed"	FALSE	0.27	2477896	1118249	1359647	0.451289723216794
"SC231_chip2_R45C18yesS_PR91_AX4_BL_TURP_A_W_B1_S8443"	5361548	3080911	0.43	224	0.765	"removed"	FALSE	0.12	5361548	2280637	3080911	0.425369128468122
"SC231_chip2_R45C20yesS_PR91_AX4_BL_TURP_A_W_B1_S8445"	5737338	3537672	0.38	263	0.992	"kept"	FALSE	0.22	5737338	2199666	3537672	0.383394877554713
"SC231_chip2_R45C22yesS_PR91_AX4_BL_TURP_A_W_B1_S8447"	178560	108103	0.39	7	0.774	"removed"	FALSE	0.38	178560	70457	108103	0.394584453405018
"SC231_chip2_R45C27yesS_PR91_AX4_BL_TURP_A_W_B2_S8452"	8062891	4654842	0.42	359	0.979	"kept"	FALSE	0.23	8062891	3408049	4654842	0.4226832534385
"SC231_chip2_R45C30yesS_PR91_AX4_BL_TURP_A_W_B2_S8455"	4001429	2395343	0.4	171	0.948	"kept"	FALSE	0.16	4001429	1606086	2395343	0.401378107671035
"SC231_chip2_R45C32yesS_PR91_AX4_BL_TURP_A_W_B2_S8457"	6023805	3803607	0.37	282	0.956	"kept"	FALSE	0.2	6023805	2220198	3803607	0.368570695764554
"SC231_chip2_R45C34yesS_PR91_AX4_BL_TURP_A_W_B2_S8459"	6803524	4158132	0.39	308	0.993	"kept"	FALSE	0.21	6803524	2645392	4158132	0.388826731558528
"SC231_chip2_R45C41yesS_PR91_AX4_BL_TURP_A_W_B1_S8466"	1706543	929792	0.46	63	0.459	"removed"	FALSE	0.37	1706543	776751	929792	0.455160520420523
"SC231_chip2_R45C58yesS_PR91_AX4_BL_TURP_A_W_B1_S8483"	174325	102800	0.41	6	0.702	"removed"	FALSE	0.54	174325	71525	102800	0.410296859314499
"SC231_chip2_R45C61yesS_PR91_AX4_BL_TURP_A_W_B1_S8486"	635692	450413	0.29	30	0.981	"kept"	FALSE	0.22	635692	185279	450413	0.291460329845271
"SC231_chip2_R45C62yesS_PR91_AX4_BL_TURP_A_W_B1_S8487"	1274785	742550	0.42	48	0.787	"removed"	FALSE	0.33	1274785	532235	742550	0.417509619269132
"SC231_chip2_R45C67yesS_PR91_AX4_BL_TURP_A_W_B2_S8492"	2856974	1592743	0.44	116	0.87	"kept"	FALSE	0.22	2856974	1264231	1592743	0.442507002163828
"SC231_chip2_R45C68yesS_PR91_AX4_BL_TURP_A_W_B2_S8493"	441927	246089	0.44	17	0.754	"removed"	FALSE	0.09	441927	195838	246089	0.443145587393393
"SC231_chip2_R45C70yesS_PR91_AX4_BL_TURP_A_W_B2_S8495"	3810229	2437933	0.36	181	0.981	"kept"	FALSE	0.21	3810229	1372296	2437933	0.360161029691391
"SC231_chip2_R45C7yesS_PR91_AX4_BL_TURP_A_W_B1_S8432"	5506024	3373208	0.39	251	0.985	"kept"	FALSE	0.21	5506024	2132816	3373208	0.387360461923159
"SC231_chip2_R46C10yesS_PR91_AX4_BL_TURP_A_W_B2_S8507"	7615410	4406590	0.42	340	0.981	"kept"	FALSE	0.23	7615410	3208820	4406590	0.421358797490877
"SC231_chip2_R46C11yesS_PR91_AX4_BL_TURP_A_W_B2_S8508"	395955	225335	0.43	16	0.747	"removed"	FALSE	0.1	395955	170620	225335	0.43090755262593
"SC231_chip2_R46C16yesS_PR91_AX4_BL_TURP_A_W_B2_S8513"	6131813	3627072	0.41	270	0.993	"kept"	FALSE	0.21	6131813	2504741	3627072	0.408482939711306
"SC231_chip2_R46C18yesS_PR91_AX4_BL_TURP_A_W_B1_S8515"	219443	126046	0.43	8	0.72	"removed"	FALSE	0.35	219443	93397	126046	0.425609383757969
"SC231_chip2_R46C21yesS_PR91_AX4_BL_TURP_A_W_B1_S8518"	4945470	2994718	0.39	218	0.851	"kept"	FALSE	0.27	4945470	1950752	2994718	0.394452296748337
"SC231_chip2_R46C22yesS_PR91_AX4_BL_TURP_A_W_B1_S8519"	3914835	2359646	0.4	174	0.968	"kept"	FALSE	0.23	3914835	1555189	2359646	0.397255312165136
"SC231_chip2_R46C24yesS_PR91_AX4_BL_TURP_A_W_B1_S8521"	5351632	3085536	0.42	233	0.984	"kept"	FALSE	0.24	5351632	2266096	3085536	0.423440176753559
"SC231_chip2_R46C27yesS_PR91_AX4_BL_TURP_A_W_B2_S8524"	4942897	2669898	0.46	192	0.978	"kept"	FALSE	0.22	4942897	2272999	2669898	0.459851580965575
"SC231_chip2_R46C38yesS_PR91_AX4_BL_TURP_A_W_B1_S8535"	5108520	3059566	0.4	228	0.859	"kept"	FALSE	0.22	5108520	2048954	3059566	0.401085637327445
"SC231_chip2_R46C40yesS_PR91_AX4_BL_TURP_A_W_B1_S8537"	3820924	2206028	0.42	158	0.966	"kept"	FALSE	0.25	3820924	1614896	2206028	0.42264541247091
"SC231_chip2_R46C43yesS_PR91_AX4_BL_TURP_A_W_B1_S8540"	3336391	1900476	0.43	137	0.86	"kept"	FALSE	0.27	3336391	1435915	1900476	0.43037971268955
"SC231_chip2_R46C45yesS_PR91_AX4_BL_TURP_A_W_B2_S8542"	412043	256572	0.38	16	0.47	"removed"	FALSE	0.21	412043	155471	256572	0.377317415900768
"SC231_chip2_R46C47yesS_PR91_AX4_BL_TURP_A_W_B2_S8544"	4494124	2755709	0.39	205	0.991	"kept"	FALSE	0.23	4494124	1738415	2755709	0.386819544810068
"SC231_chip2_R46C50yesS_PR91_AX4_BL_TURP_A_W_B2_S8547"	4054548	2424641	0.4	179	0.91	"kept"	FALSE	0.24	4054548	1629907	2424641	0.401994747626616
"SC231_chip2_R46C55yesS_PR91_AX4_BL_TURP_A_W_B1_S8552"	2845007	1648446	0.42	122	0.953	"kept"	FALSE	0.24	2845007	1196561	1648446	0.420582796457091
"SC231_chip2_R46C57yesS_PR91_AX4_BL_TURP_A_W_B1_S8554"	636277	420195	0.34	26	0.495	"removed"	FALSE	0.46	636277	216082	420195	0.339603663184431
"SC231_chip2_R46C58yesS_PR91_AX4_BL_TURP_A_W_B1_S8555"	3987240	2446739	0.39	181	0.958	"kept"	FALSE	0.25	3987240	1540501	2446739	0.386357731162408
"SC231_chip2_R46C60yesS_PR91_AX4_BL_TURP_A_W_B1_S8557"	3690617	2224457	0.4	164	0.992	"kept"	FALSE	0.21	3690617	1466160	2224457	0.397266906861373
"SC231_chip2_R46C62yesS_PR91_AX4_BL_TURP_A_W_B1_S8559"	3503434	2112002	0.4	155	0.99	"kept"	FALSE	0.22	3503434	1391432	2112002	0.397162327019718
"SC231_chip2_R46C66yesS_PR91_AX4_BL_TURP_A_W_B2_S8563"	2240102	1322492	0.41	94	0.973	"kept"	FALSE	0.22	2240102	917610	1322492	0.409628668694551
"SC231_chip2_R46C67yesS_PR91_AX4_BL_TURP_A_W_B2_S8564"	4439785	2523987	0.43	182	0.977	"kept"	FALSE	0.22	4439785	1915798	2523987	0.43150693107887
"SC231_chip2_R47C10yesS_PR91_AX4_BL_TURP_A_W_B2_S8579"	5144774	2940681	0.43	214	0.994	"kept"	FALSE	0.21	5144774	2204093	2940681	0.428413959485878
"SC231_chip2_R47C15yesS_PR91_AX4_BL_TURP_A_W_B2_S8584"	654213	362333	0.45	22	0.358	"removed"	FALSE	0.54	654213	291880	362333	0.446154387026855
"SC231_chip2_R47C19yesS_PR91_AX4_BL_TURP_A_W_B1_S8588"	7722045	5115237	0.34	399	0.977	"kept"	FALSE	0.22	7722045	2606808	5115237	0.337580006332519
"SC231_chip2_R47C1yesS_PR91_AX4_BL_TURP_A_W_B1_S8570"	3953353	2437341	0.38	178	0.992	"kept"	FALSE	0.21	3953353	1516012	2437341	0.383474989458315
"SC231_chip2_R47C28yesS_PR91_AX4_BL_TURP_A_W_B2_S8597"	4831153	2976926	0.38	220	0.648	"removed"	FALSE	0.17	4831153	1854227	2976926	0.383806308763146
"SC231_chip2_R47C34yesS_PR91_AX4_BL_TURP_A_W_B2_S8603"	4805623	2873581	0.4	216	0.925	"kept"	FALSE	0.18	4805623	1932042	2873581	0.402037779492898
"SC231_chip2_R47C35yesS_PR91_AX4_BL_TURP_A_W_B2_S8604"	2384919	1701089	0.29	125	0.988	"kept"	FALSE	0.24	2384919	683830	1701089	0.286730912035168
"SC231_chip2_R47C41yesS_PR91_AX4_BL_TURP_A_W_B1_S8610"	4616924	2653143	0.43	199	0.985	"kept"	FALSE	0.22	4616924	1963781	2653143	0.425344016925555
"SC231_chip2_R47C44yesS_PR91_AX4_BL_TURP_A_W_B1_S8613"	1261065	750708	0.4	47	0.705	"removed"	FALSE	0.32	1261065	510357	750708	0.404703167560752
"SC231_chip2_R47C45yesS_PR91_AX4_BL_TURP_A_W_B2_S8614"	4712097	2973540	0.37	228	0.977	"kept"	FALSE	0.22	4712097	1738557	2973540	0.368956114443315
"SC231_chip2_R47C46yesS_PR91_AX4_BL_TURP_A_W_B2_S8615"	4584242	2610609	0.43	191	0.991	"kept"	FALSE	0.21	4584242	1973633	2610609	0.430525482729751
"SC231_chip2_R47C51yesS_PR91_AX4_BL_TURP_A_W_B2_S8620"	3101986	1811274	0.42	128	0.877	"kept"	FALSE	0.25	3101986	1290712	1811274	0.41609214225983
"SC231_chip2_R47C52yesS_PR91_AX4_BL_TURP_A_W_B2_S8621"	2621567	1478458	0.44	106	0.514	"removed"	FALSE	0.6	2621567	1143109	1478458	0.436040352964467
"SC231_chip2_R47C54yesS_PR91_AX4_BL_TURP_A_W_B1_S8623"	2765319	1634518	0.41	118	0.965	"kept"	FALSE	0.23	2765319	1130801	1634518	0.408922442582574
"SC231_chip2_R47C55yesS_PR91_AX4_BL_TURP_A_W_B1_S8624"	4846683	2907852	0.4	216	0.978	"kept"	FALSE	0.21	4846683	1938831	2907852	0.4000325583497
"SC231_chip2_R47C56yesS_PR91_AX4_BL_TURP_A_W_B1_S8625"	3290760	1942272	0.41	144	0.983	"kept"	FALSE	0.21	3290760	1348488	1942272	0.409780111585166
"SC231_chip2_R47C59yesS_PR91_AX4_BL_TURP_A_W_B1_S8628"	223543	127612	0.43	8	0.845	"kept"	FALSE	0.42	223543	95931	127612	0.429138912871349
"SC231_chip2_R47C8yesS_PR91_AX4_BL_TURP_A_W_B1_S8577"	3107643	1875434	0.4	142	0.977	"kept"	FALSE	0.17	3107643	1232209	1875434	0.396509187187846
"SC231_chip2_R48C13yesS_PR91_AX4_BL_TURP_A_W_B2_S8654"	3668049	2122792	0.42	153	0.983	"kept"	FALSE	0.22	3668049	1545257	2122792	0.421274906632927
"SC231_chip2_R48C15yesS_PR91_AX4_BL_TURP_A_W_B2_S8656"	1886729	1194438	0.37	80	0.991	"kept"	FALSE	0.22	1886729	692291	1194438	0.36692656974054
"SC231_chip2_R48C16yesS_PR91_AX4_BL_TURP_A_W_B2_S8657"	3492309	2128706	0.39	150	0.526	"removed"	FALSE	0.14	3492309	1363603	2128706	0.39045886260351
"SC231_chip2_R48C17yesS_PR91_AX4_BL_TURP_A_W_B2_S8658"	3549757	2187620	0.38	163	1	"kept"	TRUE	0.01	3549757	1362137	2187620	0.383726829752008
"SC231_chip2_R48C22yesS_PR91_AX4_BL_TURP_A_W_B1_S8663"	913239	537751	0.41	39	0.847	"kept"	FALSE	0.25	913239	375488	537751	0.411160714774555
"SC231_chip2_R48C27yesS_PR91_AX4_BL_TURP_A_W_B2_S8668"	4156407	2344327	0.44	167	0.995	"kept"	FALSE	0.21	4156407	1812080	2344327	0.435972704309275
"SC231_chip2_R48C28yesS_PR91_AX4_BL_TURP_A_W_B2_S8669"	2223014	1392520	0.37	97	0.956	"kept"	FALSE	0.22	2223014	830494	1392520	0.373589190171542
"SC231_chip2_R48C31yesS_PR91_AX4_BL_TURP_A_W_B2_S8672"	4175202	2479404	0.41	178	0.982	"kept"	FALSE	0.21	4175202	1695798	2479404	0.406159510366205
"SC231_chip2_R48C34yesS_PR91_AX4_BL_TURP_A_W_B2_S8675"	1508074	857377	0.43	64	0.879	"kept"	FALSE	0.2	1508074	650697	857377	0.431475511148657
"SC231_chip2_R48C35yesS_PR91_AX4_BL_TURP_A_W_B2_S8676"	1931626	1391749	0.28	97	0.821	"kept"	FALSE	0.28	1931626	539877	1391749	0.279493545852044
"SC231_chip2_R48C37yesS_PR91_AX4_BL_TURP_A_W_B1_S8678"	3136224	1874649	0.4	137	0.739	"removed"	FALSE	0.09	3136224	1261575	1874649	0.402259213627598
"SC231_chip2_R48C42yesS_PR91_AX4_BL_TURP_A_W_B1_S8683"	1112645	675094	0.39	49	0.893	"kept"	FALSE	0.28	1112645	437551	675094	0.393253014213878
"SC231_chip2_R48C45yesS_PR91_AX4_BL_TURP_A_W_B2_S8686"	1060097	688427	0.35	52	0.982	"kept"	FALSE	0.22	1060097	371670	688427	0.350599992264859
"SC231_chip2_R48C55yesS_PR91_AX4_BL_TURP_A_W_B1_S8696"	5164489	3177326	0.38	241	0.991	"kept"	FALSE	0.21	5164489	1987163	3177326	0.384774369739194
"SC231_chip2_R48C57yesS_PR91_AX4_BL_TURP_A_W_B1_S8698"	3305758	2037552	0.38	153	0.982	"kept"	FALSE	0.21	3305758	1268206	2037552	0.383635462728972
"SC231_chip2_R48C63yesS_PR91_AX4_BL_TURP_A_W_B2_S8704"	3463087	2194397	0.37	166	0.985	"kept"	FALSE	0.23	3463087	1268690	2194397	0.366346557276788
"SC231_chip2_R48C65yesS_PR91_AX4_BL_TURP_A_W_B2_S8706"	3708123	2099729	0.43	158	0.984	"kept"	FALSE	0.16	3708123	1608394	2099729	0.433748826562657
"SC231_chip2_R48C67yesS_PR91_AX4_BL_TURP_A_W_B2_S8708"	3681532	2140452	0.42	152	0.85	"kept"	FALSE	0.3	3681532	1541080	2140452	0.418597475181528
"SC231_chip2_R49C12yesS_PR91_AX4_BL_TURP_A_W_B2_S8725"	298918	218316	0.27	14	0.931	"kept"	FALSE	0.21	298918	80602	218316	0.269645856054169
"SC231_chip2_R49C22yesS_PR91_AX4_BL_TURP_A_W_B1_S8735"	178468	117110	0.34	7	0.852	"kept"	FALSE	0.35	178468	61358	117110	0.343803931236972
"SC231_chip2_R49C29yesS_PR91_AX4_BL_TURP_A_W_B2_S8742"	3869707	2307445	0.4	165	0.964	"kept"	FALSE	0.15	3869707	1562262	2307445	0.403715836883774
"SC231_chip2_R49C30yesS_PR91_AX4_BL_TURP_A_W_B2_S8743"	2558031	1533437	0.4	111	1	"kept"	TRUE	0	2558031	1024594	1533437	0.400540102915094
"SC231_chip2_R49C32yesS_PR91_AX4_BL_TURP_A_W_B2_S8745"	4087026	2552030	0.38	189	0.992	"kept"	FALSE	0.21	4087026	1534996	2552030	0.375577742837946
"SC231_chip2_R49C33yesS_PR91_AX4_BL_TURP_A_W_B2_S8746"	3892520	2381006	0.39	178	0.936	"kept"	FALSE	0.19	3892520	1511514	2381006	0.388312455684235
"SC231_chip2_R49C39yesS_PR91_AX4_BL_TURP_A_W_B1_S8752"	5380201	3190462	0.41	231	0.906	"kept"	FALSE	0.19	5380201	2189739	3190462	0.40699947827228
"SC231_chip2_R49C57yesS_PR91_AX4_BL_TURP_A_W_B1_S8770"	2700656	1639988	0.39	118	0.967	"kept"	FALSE	0.22	2700656	1060668	1639988	0.392744577613735
"SC231_chip2_R49C58yesS_PR91_AX4_BL_TURP_A_W_B1_S8771"	3827189	2339988	0.39	173	0.986	"kept"	FALSE	0.22	3827189	1487201	2339988	0.38858833467592
"SC231_chip2_R49C59yesS_PR91_AX4_BL_TURP_A_W_B1_S8772"	3925834	2410267	0.39	178	0.98	"kept"	FALSE	0.24	3925834	1515567	2410267	0.386049690333315
"SC231_chip2_R49C60yesS_PR91_AX4_BL_TURP_A_W_B1_S8773"	4715191	2949073	0.37	221	0.993	"kept"	FALSE	0.21	4715191	1766118	2949073	0.374559164199287
"SC231_chip2_R49C61yesS_PR91_AX4_BL_TURP_A_W_B1_S8774"	2987498	1803289	0.4	130	0.779	"removed"	FALSE	0.27	2987498	1184209	1803289	0.39638821515529
"SC231_chip2_R49C64yesS_PR91_AX4_BL_TURP_A_W_B2_S8777"	2885306	1877412	0.35	138	0.982	"kept"	FALSE	0.18	2885306	1007894	1877412	0.349319621558337
"SC231_chip2_R49C65yesS_PR91_AX4_BL_TURP_A_W_B2_S8778"	906562	572587	0.37	43	0.959	"kept"	FALSE	0.22	906562	333975	572587	0.368397307630366
"SC231_chip2_R49C66yesS_PR91_AX4_BL_TURP_A_W_B2_S8779"	3046353	1893943	0.38	142	0.988	"kept"	FALSE	0.22	3046353	1152410	1893943	0.378291681889788
"SC231_chip2_R49C8yesS_PR91_AX4_BL_TURP_A_W_B1_S8721"	2076355	1255735	0.4	87	0.78	"removed"	FALSE	0.28	2076355	820620	1255735	0.39522143371437
"SC231_chip2_R4C14yesS_PR91_AX4_BL_TURP_A_W_A2_S5487"	4131393	2474437	0.4	182	0.961	"kept"	FALSE	0.22	4131393	1656956	2474437	0.401064725626441
"SC231_chip2_R4C18yesS_PR91_AX4_BL_TURP_D_W_A1_S5491"	3149218	1833047	0.42	138	0.687	"removed"	FALSE	0.11	3149218	1316171	1833047	0.417935817717287
"SC231_chip2_R4C32yesS_PR91_AX4_BL_TURP_A_W_A2_S5505"	3975708	2646659	0.33	200	0.885	"kept"	FALSE	0.23	3975708	1329049	2646659	0.334292407792524
"SC231_chip2_R4C33yesS_PR91_AX4_BL_TURP_A_W_A2_S5506"	1681566	1025311	0.39	72	0.471	"removed"	FALSE	0.61	1681566	656255	1025311	0.390264194209445
"SC231_chip2_R4C46yesS_PR91_AX4_BL_TURP_A_W_A2_S5519"	1674834	1102452	0.34	75	0.986	"kept"	FALSE	0.23	1674834	572382	1102452	0.341754466412791
"SC231_chip2_R4C4yesS_PR91_AX4_BL_TURP_D_W_A1_S5477"	3682741	2230692	0.39	165	0.993	"kept"	FALSE	0.22	3682741	1452049	2230692	0.394284854677535
"SC231_chip2_R4C53yesS_PR91_AX4_BL_TURP_A_W_A2_S5526"	3408861	2022189	0.41	147	0.981	"kept"	FALSE	0.21	3408861	1386672	2022189	0.406784553550291
"SC231_chip2_R4C58yesS_PR91_AX4_BL_TURP_D_W_A1_S5531"	449770	266096	0.41	18	0.725	"removed"	FALSE	0.08	449770	183674	266096	0.408373168508349
"SC231_chip2_R4C61yesS_PR91_AX4_BL_TURP_D_W_A1_S5534"	2820819	1782819	0.37	129	0.989	"kept"	TRUE	0.02	2820819	1038000	1782819	0.367978236108024
"SC231_chip2_R4C63yesS_PR91_AX4_BL_TURP_A_W_A2_S5536"	2696835	1795692	0.33	125	0.989	"kept"	FALSE	0.2	2696835	901143	1795692	0.334148362803064
"SC231_chip2_R4C67yesS_PR91_AX4_BL_TURP_A_W_A2_S5540"	202157	137483	0.32	8	0.528	"removed"	FALSE	0.56	202157	64674	137483	0.319919666397899
"SC231_chip2_R50C10yesS_PR91_AX4_BL_TURP_A_W_B2_S8795"	3619764	2107863	0.42	154	0.967	"kept"	FALSE	0.21	3619764	1511901	2107863	0.417679439875086
"SC231_chip2_R50C11yesS_PR91_AX4_BL_TURP_A_W_B2_S8796"	618451	361468	0.42	20	0.328	"removed"	FALSE	0.48	618451	256983	361468	0.415526856614348
"SC231_chip2_R50C14yesS_PR91_AX4_BL_TURP_A_W_B2_S8799"	4842883	2913630	0.4	218	0.987	"kept"	FALSE	0.22	4842883	1929253	2913630	0.398368698975383
"SC231_chip2_R50C15yesS_PR91_AX4_BL_TURP_A_W_B2_S8800"	511941	298863	0.42	19	0.245	"removed"	FALSE	0.46	511941	213078	298863	0.416215931132689
"SC231_chip2_R50C16yesS_PR91_AX4_BL_TURP_A_W_B2_S8801"	3739233	2225784	0.4	164	0.946	"kept"	FALSE	0.22	3739233	1513449	2225784	0.404748513933205
"SC231_chip2_R50C17yesS_PR91_AX4_BL_TURP_A_W_B2_S8802"	5492273	3542194	0.36	279	0.918	"kept"	FALSE	0.22	5492273	1950079	3542194	0.355058643297593
"SC231_chip2_R50C18yesS_PR91_AX4_BL_TURP_A_W_B1_S8803"	5569853	3382807	0.39	255	0.986	"kept"	FALSE	0.23	5569853	2187046	3382807	0.392657759549489
"SC231_chip2_R50C19yesS_PR91_AX4_BL_TURP_A_W_B1_S8804"	3966606	2511115	0.37	184	0.976	"kept"	FALSE	0.2	3966606	1455491	2511115	0.36693611616581
"SC231_chip2_R50C22yesS_PR91_AX4_BL_TURP_A_W_B1_S8807"	4077605	2562298	0.37	187	0.93	"kept"	FALSE	0.33	4077605	1515307	2562298	0.371616917283552
"SC231_chip2_R50C29yesS_PR91_AX4_BL_TURP_A_W_B2_S8814"	7242887	4532601	0.37	349	0.98	"kept"	FALSE	0.2	7242887	2710286	4532601	0.374199680320844
"SC231_chip2_R50C36yesS_PR91_AX4_BL_TURP_A_W_B1_S8821"	3111689	1887725	0.39	136	0.969	"kept"	FALSE	0.2	3111689	1223964	1887725	0.39334393636382
"SC231_chip2_R50C37yesS_PR91_AX4_BL_TURP_A_W_B1_S8822"	3576569	2191201	0.39	163	0.983	"kept"	FALSE	0.18	3576569	1385368	2191201	0.387345525837751
"SC231_chip2_R50C40yesS_PR91_AX4_BL_TURP_A_W_B1_S8825"	5137969	3204540	0.38	244	0.951	"kept"	FALSE	0.17	5137969	1933429	3204540	0.376302192558966
"SC231_chip2_R50C41yesS_PR91_AX4_BL_TURP_A_W_B1_S8826"	2210820	1271647	0.42	90	0.485	"removed"	FALSE	0.16	2210820	939173	1271647	0.424807537474783
"SC231_chip2_R50C46yesS_PR91_AX4_BL_TURP_A_W_B2_S8831"	3344700	1921046	0.43	134	0.655	"removed"	FALSE	0.43	3344700	1423654	1921046	0.425644751397734
"SC231_chip2_R50C48yesS_PR91_AX4_BL_TURP_A_W_B2_S8833"	2168866	1284677	0.41	95	0.577	"removed"	FALSE	0.14	2168866	884189	1284677	0.407673410897677
"SC231_chip2_R50C53yesS_PR91_AX4_BL_TURP_A_W_B2_S8838"	4442802	2594662	0.42	190	0.994	"kept"	FALSE	0.21	4442802	1848140	2594662	0.415985227340764
"SC231_chip2_R50C56yesS_PR91_AX4_BL_TURP_A_W_B1_S8841"	4653796	2915744	0.37	216	0.994	"kept"	FALSE	0.21	4653796	1738052	2915744	0.373469743839223
"SC231_chip2_R50C62yesS_PR91_AX4_BL_TURP_A_W_B1_S8847"	853672	557727	0.35	33	0.364	"removed"	FALSE	0.59	853672	295945	557727	0.346672961043586
"SC231_chip2_R50C63yesS_PR91_AX4_BL_TURP_A_W_B2_S8848"	2904390	1866075	0.36	142	0.936	"kept"	FALSE	0.17	2904390	1038315	1866075	0.357498476444279
"SC231_chip2_R51C0yesS_PR91_AX4_BL_TURP_A_W_B1_S8857"	3106866	1876965	0.4	139	0.923	"kept"	FALSE	0.25	3106866	1229901	1876965	0.395865479875862
"SC231_chip2_R51C10yesS_PR91_AX4_BL_TURP_A_W_B2_S8867"	354315	200425	0.43	13	0.59	"removed"	FALSE	0.24	354315	153890	200425	0.434331033120246
"SC231_chip2_R51C12yesS_PR91_AX4_BL_TURP_A_W_B2_S8869"	4678895	2803371	0.4	216	0.917	"kept"	FALSE	0.24	4678895	1875524	2803371	0.400847636033722
"SC231_chip2_R51C18yesS_PR91_AX4_BL_TURP_A_W_B1_S8875"	2350795	1366691	0.42	99	0.854	"kept"	FALSE	0.05	2350795	984104	1366691	0.418626039276075
"SC231_chip2_R51C1yesS_PR91_AX4_BL_TURP_A_W_B1_S8858"	1282545	758569	0.41	49	0.444	"removed"	FALSE	0.49	1282545	523976	758569	0.408543949724961
"SC231_chip2_R51C20yesS_PR91_AX4_BL_TURP_A_W_B1_S8877"	5445929	3511801	0.36	267	0.994	"kept"	FALSE	0.21	5445929	1934128	3511801	0.355151159701127
"SC231_chip2_R51C24yesS_PR91_AX4_BL_TURP_A_W_B1_S8881"	4639054	2794121	0.4	204	0.884	"kept"	FALSE	0.3	4639054	1844933	2794121	0.397695952666212
"SC231_chip2_R51C27yesS_PR91_AX4_BL_TURP_A_W_B2_S8884"	1799603	983385	0.45	65	0.517	"removed"	FALSE	0.5	1799603	816218	983385	0.453554478404404
"SC231_chip2_R51C29yesS_PR91_AX4_BL_TURP_A_W_B2_S8886"	4193534	2535818	0.4	185	0.809	"kept"	FALSE	0.26	4193534	1657716	2535818	0.39530286388521
"SC231_chip2_R51C2yesS_PR91_AX4_BL_TURP_A_W_B1_S8859"	3660180	2192587	0.4	163	0.789	"removed"	FALSE	0.26	3660180	1467593	2192587	0.4009619745477
"SC231_chip2_R51C33yesS_PR91_AX4_BL_TURP_A_W_B2_S8890"	2647334	1606746	0.39	110	0.445	"removed"	FALSE	0.4	2647334	1040588	1606746	0.393070160395326
"SC231_chip2_R51C40yesS_PR91_AX4_BL_TURP_A_W_B1_S8897"	259279	155904	0.4	10	0.7	"removed"	FALSE	0.36	259279	103375	155904	0.398701784564118
"SC231_chip2_R51C41yesS_PR91_AX4_BL_TURP_A_W_B1_S8898"	3040257	1804811	0.41	128	0.974	"kept"	FALSE	0.22	3040257	1235446	1804811	0.406362356866541
"SC231_chip2_R51C45yesS_PR91_AX4_BL_TURP_A_W_B2_S8902"	3167813	2009321	0.37	148	0.98	"kept"	FALSE	0.21	3167813	1158492	2009321	0.365707192943523
"SC231_chip2_R51C4yesS_PR91_AX4_BL_TURP_A_W_B1_S8861"	1845920	1040946	0.44	76	0.854	"kept"	FALSE	0.26	1845920	804974	1040946	0.436082820490595
"SC231_chip2_R51C50yesS_PR91_AX4_BL_TURP_A_W_B2_S8907"	3936764	2462168	0.37	185	0.989	"kept"	FALSE	0.22	3936764	1474596	2462168	0.374570586400404
"SC231_chip2_R51C51yesS_PR91_AX4_BL_TURP_A_W_B2_S8908"	4847869	3097116	0.36	234	0.977	"kept"	FALSE	0.21	4847869	1750753	3097116	0.36113867763341
"SC231_chip2_R51C53yesS_PR91_AX4_BL_TURP_A_W_B2_S8910"	421303	230384	0.45	16	0.619	"removed"	FALSE	0.16	421303	190919	230384	0.453163162854288
"SC231_chip2_R51C55yesS_PR91_AX4_BL_TURP_A_W_B1_S8912"	4717953	2940451	0.38	220	0.946	"kept"	FALSE	0.24	4717953	1777502	2940451	0.376752799360231
"SC231_chip2_R51C5yesS_PR91_AX4_BL_TURP_A_W_B1_S8862"	2356680	1443326	0.39	109	0.953	"kept"	FALSE	0.22	2356680	913354	1443326	0.387559617767368
"SC231_chip2_R51C61yesS_PR91_AX4_BL_TURP_A_W_B1_S8918"	1273065	778405	0.39	54	0.816	"kept"	FALSE	0.29	1273065	494660	778405	0.38855832184531
"SC231_chip2_R51C62yesS_PR91_AX4_BL_TURP_A_W_B1_S8919"	2550869	1567395	0.39	111	0.938	"kept"	FALSE	0.24	2550869	983474	1567395	0.385544690848491
"SC231_chip2_R51C66yesS_PR91_AX4_BL_TURP_A_W_B2_S8923"	203749	126871	0.38	8	0.642	"removed"	FALSE	0.21	203749	76878	126871	0.377317189286819
"SC231_chip2_R51C68yesS_PR91_AX4_BL_TURP_A_W_B2_S8925"	727087	514249	0.29	33	0.971	"kept"	FALSE	0.22	727087	212838	514249	0.292727005158942
"SC231_chip2_R51C7yesS_PR91_AX4_BL_TURP_A_W_B1_S8864"	221801	135801	0.39	8	0.819	"kept"	FALSE	0.32	221801	86000	135801	0.387734951600759
"SC231_chip2_R51C9yesS_PR91_AX4_BL_TURP_A_W_B2_S8866"	3762732	2328234	0.38	172	0.992	"kept"	FALSE	0.22	3762732	1434498	2328234	0.381238419318729
"SC231_chip2_R52C15yesS_PR91_AX4_BL_TURP_A_W_B2_S8944"	2797782	1749213	0.37	127	0.655	"removed"	FALSE	0.27	2797782	1048569	1749213	0.37478581247574
"SC231_chip2_R52C18yesS_PR91_AX4_BL_TURP_A_W_B1_S8947"	4787602	2849204	0.4	209	0.929	"kept"	FALSE	0.22	4787602	1938398	2849204	0.404878684569018
"SC231_chip2_R52C1yesS_PR91_AX4_BL_TURP_A_W_B1_S8930"	221170	167639	0.24	11	0.832	"kept"	FALSE	0.09	221170	53531	167639	0.242035538273726
"SC231_chip2_R52C22yesS_PR91_AX4_BL_TURP_A_W_B1_S8951"	1226613	789751	0.36	56	0.334	"removed"	FALSE	0.39	1226613	436862	789751	0.356153081697324
"SC231_chip2_R52C23yesS_PR91_AX4_BL_TURP_A_W_B1_S8952"	3280146	2374292	0.28	186	0.965	"kept"	FALSE	0.24	3280146	905854	2374292	0.276162707391683
"SC231_chip2_R52C25yesS_PR91_AX4_BL_TURP_A_W_B1_S8954"	2122151	1434227	0.32	107	0.952	"kept"	FALSE	0.21	2122151	687924	1434227	0.324163549153665
"SC231_chip2_R52C27yesS_PR91_AX4_BL_TURP_A_W_B2_S8956"	1471364	889344	0.4	61	0.866	"kept"	FALSE	0.27	1471364	582020	889344	0.395564931587289
"SC231_chip2_R52C28yesS_PR91_AX4_BL_TURP_A_W_B2_S8957"	4285858	2970703	0.31	223	0.987	"kept"	FALSE	0.22	4285858	1315155	2970703	0.306859209987825
"SC231_chip2_R52C39yesS_PR91_AX4_BL_TURP_A_W_B1_S8968"	4136500	2696050	0.35	197	0.984	"kept"	FALSE	0.21	4136500	1440450	2696050	0.348229179257827
"SC231_chip2_R52C42yesS_PR91_AX4_BL_TURP_A_W_B1_S8971"	1959974	1278853	0.35	87	0.823	"kept"	FALSE	0.28	1959974	681121	1278853	0.347515324182872
"SC231_chip2_R52C48yesS_PR91_AX4_BL_TURP_A_W_B2_S8977"	138057	105307	0.24	7	0.618	"removed"	FALSE	0.25	138057	32750	105307	0.237220858051385
"SC231_chip2_R52C4yesS_PR91_AX4_BL_TURP_A_W_B1_S8933"	224240	170134	0.24	10	0.917	"kept"	FALSE	0.26	224240	54106	170134	0.24128612201213
"SC231_chip2_R52C55yesS_PR91_AX4_BL_TURP_A_W_B1_S8984"	2025775	1390027	0.31	103	0.965	"kept"	FALSE	0.21	2025775	635748	1390027	0.313829522034777
"SC231_chip2_R52C59yesS_PR91_AX4_BL_TURP_A_W_B1_S8988"	3933071	2490139	0.37	185	0.719	"removed"	FALSE	0.29	3933071	1442932	2490139	0.36687158711348
"SC231_chip2_R52C5yesS_PR91_AX4_BL_TURP_A_W_B1_S8934"	2164254	1487765	0.31	103	0.964	"kept"	FALSE	0.22	2164254	676489	1487765	0.312573755206182
"SC231_chip2_R52C61yesS_PR91_AX4_BL_TURP_A_W_B1_S8990"	961691	601805	0.37	39	0.705	"removed"	FALSE	0.26	961691	359886	601805	0.374222073410274
"SC231_chip2_R52C66yesS_PR91_AX4_BL_TURP_A_W_B2_S8995"	794476	574326	0.28	38	0.952	"kept"	FALSE	0.24	794476	220150	574326	0.277100881587361
"SC231_chip2_R52C9yesS_PR91_AX4_BL_TURP_A_W_B2_S8938"	2245171	1430732	0.36	104	1	"kept"	TRUE	0	2245171	814439	1430732	0.36275143407785
"SC231_chip2_R53C10yesS_PR91_AX4_BL_TURP_A_W_B2_S9011"	5414921	3430307	0.37	260	0.973	"kept"	FALSE	0.23	5414921	1984614	3430307	0.366508394120616
"SC231_chip2_R53C17yesS_PR91_AX4_BL_TURP_A_W_B2_S9018"	3007205	2148602	0.29	158	0.973	"kept"	FALSE	0.22	3007205	858603	2148602	0.285515287451304
"SC231_chip2_R53C19yesS_PR91_AX4_BL_TURP_A_W_B1_S9020"	1096129	689243	0.37	47	0.659	"removed"	FALSE	0.11	1096129	406886	689243	0.371202659540985
"SC231_chip2_R53C22yesS_PR91_AX4_BL_TURP_A_W_B1_S9023"	3112861	2082941	0.33	156	0.98	"kept"	FALSE	0.17	3112861	1029920	2082941	0.330859617567248
"SC231_chip2_R53C27yesS_PR91_AX4_BL_TURP_A_W_B2_S9028"	1511898	1191533	0.21	91	0.947	"kept"	FALSE	0.22	1511898	320365	1191533	0.211895908321858
"SC231_chip2_R53C28yesS_PR91_AX4_BL_TURP_A_W_B2_S9029"	486013	400241	0.18	30	0.869	"kept"	FALSE	0.23	486013	85772	400241	0.17648087602595
"SC231_chip2_R53C31yesS_PR91_AX4_BL_TURP_A_W_B2_S9032"	4333613	2975712	0.31	223	0.968	"kept"	FALSE	0.22	4333613	1357901	2975712	0.313341546649412
"SC231_chip2_R53C33yesS_PR91_AX4_BL_TURP_A_W_B2_S9034"	4157668	2771306	0.33	213	0.975	"kept"	FALSE	0.22	4157668	1386362	2771306	0.333447018857687
"SC231_chip2_R53C34yesS_PR91_AX4_BL_TURP_A_W_B2_S9035"	2508492	1787977	0.29	134	0.989	"kept"	FALSE	0.23	2508492	720515	1787977	0.287230335994693
"SC231_chip2_R53C35yesS_PR91_AX4_BL_TURP_A_W_B2_S9036"	2528586	2030437	0.2	157	0.979	"kept"	FALSE	0.23	2528586	498149	2030437	0.197006943801793
"SC231_chip2_R53C36yesS_PR91_AX4_BL_TURP_A_W_B1_S9037"	1810205	1177529	0.35	82	0.446	"removed"	FALSE	0.43	1810205	632676	1177529	0.349505166541911
"SC231_chip2_R53C41yesS_PR91_AX4_BL_TURP_A_W_B1_S9042"	3390240	2214661	0.35	167	0.939	"kept"	FALSE	0.23	3390240	1175579	2214661	0.346753917126811
"SC231_chip2_R53C43yesS_PR91_AX4_BL_TURP_A_W_B1_S9044"	907760	757494	0.17	57	0.982	"kept"	FALSE	0.22	907760	150266	757494	0.165534943156782
"SC231_chip2_R53C45yesS_PR91_AX4_BL_TURP_A_W_B2_S9046"	2846178	2102473	0.26	156	0.989	"kept"	FALSE	0.21	2846178	743705	2102473	0.261299539241748
"SC231_chip2_R53C49yesS_PR91_AX4_BL_TURP_A_W_B2_S9050"	2832878	1875473	0.34	141	0.984	"kept"	FALSE	0.17	2832878	957405	1875473	0.337961959533732
"SC231_chip2_R53C53yesS_PR91_AX4_BL_TURP_A_W_B2_S9054"	1789157	1278449	0.29	93	0.982	"kept"	FALSE	0.2	1789157	510708	1278449	0.285446162634134
"SC231_chip2_R53C58yesS_PR91_AX4_BL_TURP_A_W_B1_S9059"	2522023	1795997	0.29	133	0.977	"kept"	FALSE	0.21	2522023	726026	1795997	0.287874456339217
"SC231_chip2_R53C5yesS_PR91_AX4_BL_TURP_A_W_B1_S9006"	2929959	2049402	0.3	151	0.976	"kept"	FALSE	0.17	2929959	880557	2049402	0.300535604764435
"SC231_chip2_R53C69yesS_PR91_AX4_BL_TURP_A_W_B2_S9070"	540347	384766	0.29	25	0.959	"kept"	FALSE	0.21	540347	155581	384766	0.287927942599848
"SC231_chip2_R53C6yesS_PR91_AX4_BL_TURP_A_W_B1_S9007"	3068385	2059098	0.33	154	0.815	"kept"	FALSE	0.3	3068385	1009287	2059098	0.328931017457066
"SC231_chip2_R5C12yesS_PR91_AX4_BL_TURP_A_W_A2_S5557"	2110943	1181375	0.44	86	0.361	"removed"	FALSE	0.56	2110943	929568	1181375	0.44035675051387
"SC231_chip2_R5C16yesS_PR91_AX4_BL_TURP_A_W_A2_S5561"	5978963	3642646	0.39	277	0.967	"kept"	FALSE	0.23	5978963	2336317	3642646	0.390756223110931
"SC231_chip2_R5C17yesS_PR91_AX4_BL_TURP_A_W_A2_S5562"	2852040	1660197	0.42	110	0.781	"removed"	FALSE	0.33	2852040	1191843	1660197	0.417891404047629
"SC231_chip2_R5C28yesS_PR91_AX4_BL_TURP_A_W_A2_S5573"	1368565	784940	0.43	57	0.917	"kept"	FALSE	0.27	1368565	583625	784940	0.426450333013047
"SC231_chip2_R5C32yesS_PR91_AX4_BL_TURP_A_W_A2_S5577"	201846	121079	0.4	8	0.741	"removed"	FALSE	0.4	201846	80767	121079	0.400141692181168
"SC231_chip2_R5C49yesS_PR91_AX4_BL_TURP_A_W_A2_S5594"	618436	387164	0.37	28	0.702	"removed"	FALSE	0.3	618436	231272	387164	0.373962705922682
"SC231_chip2_R5C50yesS_PR91_AX4_BL_TURP_A_W_A2_S5595"	4223426	2547495	0.4	191	0.96	"kept"	FALSE	0.23	4223426	1675931	2547495	0.396817891446423
"SC231_chip2_R5C52yesS_PR91_AX4_BL_TURP_A_W_A2_S5597"	2821275	1546545	0.45	111	0.808	"kept"	FALSE	0.3	2821275	1274730	1546545	0.451827631124226
"SC231_chip2_R5C53yesS_PR91_AX4_BL_TURP_A_W_A2_S5598"	3788785	2166159	0.43	160	1	"kept"	TRUE	0	3788785	1622626	2166159	0.428270804492733
"SC231_chip2_R5C63yesS_PR91_AX4_BL_TURP_A_W_A2_S5608"	3161661	1900747	0.4	132	0.777	"removed"	FALSE	0.33	3161661	1260914	1900747	0.398813788068993
"SC231_chip2_R5C66yesS_PR91_AX4_BL_TURP_A_W_A2_S5611"	264600	144699	0.45	10	0.777	"removed"	FALSE	0.33	264600	119901	144699	0.453140589569161
"SC231_chip2_R5C67yesS_PR91_AX4_BL_TURP_A_W_A2_S5612"	4672724	2747409	0.41	202	0.988	"kept"	FALSE	0.23	4672724	1925315	2747409	0.41203268157931
"SC231_chip2_R5C69yesS_PR91_AX4_BL_TURP_A_W_A2_S5614"	1592481	943600	0.41	69	0.734	"removed"	FALSE	0.24	1592481	648881	943600	0.407465457986626
"SC231_chip2_R5C70yesS_PR91_AX4_BL_TURP_A_W_A2_S5615"	262970	152147	0.42	10	0.526	"removed"	FALSE	0.22	262970	110823	152147	0.421428299806062
"SC231_chip2_R6C10yesS_PR91_AX4_BL_TURP_A_W_A2_S5627"	338767	207166	0.39	13	0.828	"kept"	FALSE	0.31	338767	131601	207166	0.388470541699752
"SC231_chip2_R6C17yesS_PR91_AX4_BL_TURP_A_W_A2_S5634"	2703230	1753923	0.35	122	0.91	"kept"	FALSE	0.24	2703230	949307	1753923	0.351175075742723
"SC231_chip2_R6C1yesS_PR91_AX4_BL_TURP_D_W_A1_S5618"	2750744	1741022	0.37	128	1	"kept"	TRUE	0	2750744	1009722	1741022	0.367072326614181
"SC231_chip2_R6C23yesS_PR91_AX4_BL_TURP_D_W_A1_S5640"	1777446	1075095	0.4	68	0.405	"removed"	FALSE	0.36	1777446	702351	1075095	0.395146181656152
"SC231_chip2_R6C26yesS_PR91_AX4_BL_TURP_D_W_A1_S5643"	2044742	1347177	0.34	97	0.956	"kept"	FALSE	0.23	2044742	697565	1347177	0.341150619491359
"SC231_chip2_R6C27yesS_PR91_AX4_BL_TURP_A_W_A2_S5644"	5248005	3183539	0.39	242	0.992	"kept"	FALSE	0.23	5248005	2064466	3183539	0.393381103867089
"SC231_chip2_R6C2yesS_PR91_AX4_BL_TURP_D_W_A1_S5619"	2635920	1686740	0.36	123	0.883	"kept"	FALSE	0.32	2635920	949180	1686740	0.360094388297065
"SC231_chip2_R6C30yesS_PR91_AX4_BL_TURP_A_W_A2_S5647"	3760919	2409010	0.36	183	0.999	"kept"	TRUE	0.02	3760919	1351909	2409010	0.359462407991238
"SC231_chip2_R6C35yesS_PR91_AX4_BL_TURP_A_W_A2_S5652"	2369836	1767570	0.25	132	0.976	"kept"	FALSE	0.22	2369836	602266	1767570	0.254138261044224
"SC231_chip2_R6C37yesS_PR91_AX4_BL_TURP_D_W_A1_S5654"	3555076	2368763	0.33	180	0.832	"kept"	FALSE	0.08	3555076	1186313	2368763	0.333695538435747
"SC231_chip2_R6C48yesS_PR91_AX4_BL_TURP_A_W_A2_S5665"	4175370	2778399	0.33	207	0.963	"kept"	FALSE	0.24	4175370	1396971	2778399	0.334574181449788
"SC231_chip2_R6C49yesS_PR91_AX4_BL_TURP_A_W_A2_S5666"	1060822	695450	0.34	48	0.602	"removed"	FALSE	0.32	1060822	365372	695450	0.344423475380413
"SC231_chip2_R6C4yesS_PR91_AX4_BL_TURP_D_W_A1_S5621"	3415970	2101719	0.38	156	1	"kept"	TRUE	0	3415970	1314251	2101719	0.384737278137689
"SC231_chip2_R6C51yesS_PR91_AX4_BL_TURP_A_W_A2_S5668"	2983410	1891873	0.37	144	0.895	"kept"	FALSE	0.25	2983410	1091537	1891873	0.365868921804244
"SC231_chip2_R6C63yesS_PR91_AX4_BL_TURP_A_W_A2_S5680"	2946135	1961401	0.33	147	0.964	"kept"	FALSE	0.23	2946135	984734	1961401	0.334246054576589
"SC231_chip2_R6C64yesS_PR91_AX4_BL_TURP_A_W_A2_S5681"	2353971	1602718	0.32	117	0.95	"kept"	FALSE	0.25	2353971	751253	1602718	0.319142844155684
"SC231_chip2_R6C68yesS_PR91_AX4_BL_TURP_A_W_A2_S5685"	2026615	1255772	0.38	93	0.896	"kept"	FALSE	0.23	2026615	770843	1255772	0.380359861147776
"SC231_chip2_R7C11yesS_PR91_AX4_BL_TURP_A_W_A2_S5700"	1203542	876008	0.27	58	0.961	"kept"	FALSE	0.22	1203542	327534	876008	0.272141728331874
"SC231_chip2_R7C26yesS_PR91_AX4_BL_TURP_D_W_A1_S5715"	1053232	702590	0.33	46	0.561	"removed"	FALSE	0.41	1053232	350642	702590	0.332920002430614
"SC231_chip2_R7C31yesS_PR91_AX4_BL_TURP_A_W_A2_S5720"	778048	487016	0.37	34	0.766	"removed"	FALSE	0.31	778048	291032	487016	0.374054042938225
"SC231_chip2_R7C32yesS_PR91_AX4_BL_TURP_A_W_A2_S5721"	3007934	2180018	0.28	165	0.99	"kept"	FALSE	0.23	3007934	827916	2180018	0.275244071179753
"SC231_chip2_R7C33yesS_PR91_AX4_BL_TURP_A_W_A2_S5722"	3272276	2183256	0.33	164	0.911	"kept"	FALSE	0.3	3272276	1089020	2183256	0.332802000809223
"SC231_chip2_R7C34yesS_PR91_AX4_BL_TURP_A_W_A2_S5723"	1153857	742071	0.36	52	0.416	"removed"	FALSE	0.21	1153857	411786	742071	0.356877845348254
"SC231_chip2_R7C45yesS_PR91_AX4_BL_TURP_A_W_A2_S5734"	3075983	2144315	0.3	157	0.863	"kept"	FALSE	0.21	3075983	931668	2144315	0.302884638829278
"SC231_chip2_R7C46yesS_PR91_AX4_BL_TURP_A_W_A2_S5735"	1888321	1149443	0.39	72	0.668	"removed"	FALSE	0.36	1888321	738878	1149443	0.391288345572601
"SC231_chip2_R7C48yesS_PR91_AX4_BL_TURP_A_W_A2_S5737"	4139435	2923555	0.29	228	0.976	"kept"	FALSE	0.23	4139435	1215880	2923555	0.293730907720498
"SC231_chip2_R7C49yesS_PR91_AX4_BL_TURP_A_W_A2_S5738"	792677	549263	0.31	37	0.714	"removed"	FALSE	0.24	792677	243414	549263	0.307078419078641
"SC231_chip2_R7C55yesS_PR91_AX4_BL_TURP_D_W_A1_S5744"	2534531	1657415	0.35	125	0.931	"kept"	FALSE	0.27	2534531	877116	1657415	0.346066392559412
"SC231_chip2_R7C58yesS_PR91_AX4_BL_TURP_D_W_A1_S5747"	221605	151141	0.32	10	0.623	"removed"	FALSE	0.14	221605	70464	151141	0.317971164910539
"SC231_chip2_R7C69yesS_PR91_AX4_BL_TURP_A_W_A2_S5758"	3039199	2132028	0.3	157	0.975	"kept"	FALSE	0.22	3039199	907171	2132028	0.298490161387918
"SC231_chip2_R8C11yesS_PR91_AX4_BL_TURP_A_W_A2_S5772"	634507	479980	0.24	31	0.979	"kept"	FALSE	0.2	634507	154527	479980	0.243538684364396
"SC231_chip2_R8C15yesS_PR91_AX4_BL_TURP_A_W_A2_S5776"	2509808	1561090	0.38	110	0.963	"kept"	FALSE	0.2	2509808	948718	1561090	0.378004213868152
"SC231_chip2_R8C17yesS_PR91_AX4_BL_TURP_A_W_A2_S5778"	330935	208987	0.37	14	0.746	"removed"	FALSE	0.27	330935	121948	208987	0.368495323855138
"SC231_chip2_R8C27yesS_PR91_AX4_BL_TURP_A_W_A2_S5788"	569538	311727	0.45	20	0.422	"removed"	FALSE	0.57	569538	257811	311727	0.452666898433467
"SC231_chip2_R8C30yesS_PR91_AX4_BL_TURP_A_W_A2_S5791"	2506568	1505734	0.4	107	0.778	"removed"	FALSE	0.32	2506568	1000834	1505734	0.399284599500193
"SC231_chip2_R8C32yesS_PR91_AX4_BL_TURP_A_W_A2_S5793"	3928293	2707192	0.31	204	0.918	"kept"	FALSE	0.19	3928293	1221101	2707192	0.310847739717989
"SC231_chip2_R8C33yesS_PR91_AX4_BL_TURP_A_W_A2_S5794"	4078900	2543117	0.38	180	0.514	"removed"	FALSE	0.24	4078900	1535783	2543117	0.3765189144132
"SC231_chip2_R8C38yesS_PR91_AX4_BL_TURP_D_W_A1_S5799"	1004030	617722	0.38	40	0.343	"removed"	FALSE	0.29	1004030	386308	617722	0.384757427566905
"SC231_chip2_R8C47yesS_PR91_AX4_BL_TURP_A_W_A2_S5808"	3881834	2577439	0.34	192	0.953	"kept"	FALSE	0.24	3881834	1304395	2577439	0.336025445704273
"SC231_chip2_R8C48yesS_PR91_AX4_BL_TURP_A_W_A2_S5809"	3742338	2415102	0.35	179	0.987	"kept"	FALSE	0.21	3742338	1327236	2415102	0.354654229521759
"SC231_chip2_R8C50yesS_PR91_AX4_BL_TURP_A_W_A2_S5811"	2222516	1427875	0.36	105	0.959	"kept"	TRUE	0.03	2222516	794641	1427875	0.3575411830556
"SC231_chip2_R8C53yesS_PR91_AX4_BL_TURP_A_W_A2_S5814"	1074878	596789	0.44	42	0.765	"removed"	FALSE	0.08	1074878	478089	596789	0.444784431349418
"SC231_chip2_R8C59yesS_PR91_AX4_BL_TURP_D_W_A1_S5820"	2871594	1845448	0.36	137	1	"kept"	TRUE	0	2871594	1026146	1845448	0.357343691343553
"SC231_chip2_R8C60yesS_PR91_AX4_BL_TURP_D_W_A1_S5821"	995032	603017	0.39	41	0.401	"removed"	FALSE	0.34	995032	392015	603017	0.39397225415866
"SC231_chip2_R8C64yesS_PR91_AX4_BL_TURP_A_W_A2_S5825"	2478527	1665657	0.33	122	0.975	"kept"	FALSE	0.17	2478527	812870	1665657	0.327964956605274
"SC231_chip2_R8C68yesS_PR91_AX4_BL_TURP_A_W_A2_S5829"	1842883	1065142	0.42	75	0.671	"removed"	FALSE	0.34	1842883	777741	1065142	0.422024078576882
"SC231_chip2_R8C70yesS_PR91_AX4_BL_TURP_A_W_A2_S5831"	249735	149138	0.4	8	0.445	"removed"	FALSE	0.6	249735	100597	149138	0.402814983882916
"SC231_chip2_R9C0yesS_PR91_AX4_BL_TURP_A_W_B1_S5833"	2047034	1209250	0.41	84	0.941	"kept"	FALSE	0.23	2047034	837784	1209250	0.409267261804152
"SC231_chip2_R9C10yesS_PR91_AX4_BL_TURP_A_W_B2_S5843"	4573069	2646935	0.42	187	0.984	"kept"	FALSE	0.23	4573069	1926134	2646935	0.421190670860204
"SC231_chip2_R9C11yesS_PR91_AX4_BL_TURP_A_W_B2_S5844"	5052038	3020007	0.4	224	0.989	"kept"	FALSE	0.19	5052038	2032031	3020007	0.40222005456016
"SC231_chip2_R9C17yesS_PR91_AX4_BL_TURP_A_W_B2_S5850"	6097644	3783320	0.38	285	0.977	"kept"	FALSE	0.21	6097644	2314324	3783320	0.37954396812933
"SC231_chip2_R9C19yesS_PR91_AX4_BL_TURP_A_W_B1_S5852"	3965430	2432135	0.39	176	0.742	"removed"	FALSE	0.1	3965430	1533295	2432135	0.386665506641146
"SC231_chip2_R9C20yesS_PR91_AX4_BL_TURP_A_W_B1_S5853"	4290822	2598429	0.39	198	0.965	"kept"	FALSE	0.23	4290822	1692393	2598429	0.394421628303388
"SC231_chip2_R9C27yesS_PR91_AX4_BL_TURP_A_W_B2_S5860"	703585	367077	0.48	23	0.551	"removed"	FALSE	0.39	703585	336508	367077	0.478276256600127
"SC231_chip2_R9C30yesS_PR91_AX4_BL_TURP_A_W_B2_S5863"	5187080	3107765	0.4	239	0.988	"kept"	FALSE	0.22	5187080	2079315	3107765	0.400864262745128
"SC231_chip2_R9C37yesS_PR91_AX4_BL_TURP_A_W_B1_S5870"	4357333	2618889	0.4	194	0.983	"kept"	FALSE	0.23	4357333	1738444	2618889	0.398969736763291
"SC231_chip2_R9C38yesS_PR91_AX4_BL_TURP_A_W_B1_S5871"	4151899	2454667	0.41	185	0.86	"kept"	FALSE	0.29	4151899	1697232	2454667	0.408784510413187
"SC231_chip2_R9C40yesS_PR91_AX4_BL_TURP_A_W_B1_S5873"	2635527	1526481	0.42	122	0.342	"removed"	FALSE	0.91	2635527	1109046	1526481	0.420806161348376
"SC231_chip2_R9C50yesS_PR91_AX4_BL_TURP_A_W_B2_S5883"	3992003	2411689	0.4	178	0.917	"kept"	FALSE	0.24	3992003	1580314	2411689	0.39586994298351
"SC231_chip2_R9C55yesS_PR91_AX4_BL_TURP_A_W_B1_S5888"	261673	150204	0.43	10	0.63	"removed"	FALSE	0.54	261673	111469	150204	0.425985867857975
"SC231_chip2_R9C56yesS_PR91_AX4_BL_TURP_A_W_B1_S5889"	5200585	3187064	0.39	238	0.99	"kept"	FALSE	0.21	5200585	2013521	3187064	0.387172020070819
"SC231_chip2_R9C57yesS_PR91_AX4_BL_TURP_A_W_B1_S5890"	603064	342997	0.43	22	0.643	"removed"	FALSE	0.5	603064	260067	342997	0.431242786835228
"SC231_chip2_R9C5yesS_PR91_AX4_BL_TURP_A_W_B1_S5838"	3495138	2146610	0.39	160	0.97	"kept"	FALSE	0.17	3495138	1348528	2146610	0.385829686839261
"SC231_chip2_R9C61yesS_PR91_AX4_BL_TURP_A_W_B1_S5894"	4993380	3047845	0.39	232	0.972	"kept"	FALSE	0.17	4993380	1945535	3047845	0.389622860667524
"SC231_chip2_R9C62yesS_PR91_AX4_BL_TURP_A_W_B1_S5895"	1555285	887416	0.43	58	0.583	"removed"	FALSE	0.41	1555285	667869	887416	0.429419045383965
"SC231_chip2_R9C64yesS_PR91_AX4_BL_TURP_A_W_B2_S5897"	843763	509227	0.4	36	0.919	"kept"	FALSE	0.27	843763	334536	509227	0.396481002366778
"SC231_chip2_R9C67yesS_PR91_AX4_BL_TURP_A_W_B2_S5900"	1944405	1036690	0.47	76	0.89	"kept"	FALSE	0.25	1944405	907715	1036690	0.466834327210638
"SC231_chip2_R9C68yesS_PR91_AX4_BL_TURP_A_W_B2_S5901"	3272842	1879846	0.43	140	0.828	"kept"	FALSE	0.24	3272842	1392996	1879846	0.425622746224841
"SC231_chip2_R9C6yesS_PR91_AX4_BL_TURP_A_W_B1_S5839"	4729872	2844986	0.4	208	0.968	"kept"	FALSE	0.22	4729872	1884886	2844986	0.398506767202157
"SC231_chip2_R9C71yesS_PR91_AX4_BL_TURP_A_W_B2_S5904"	500652	287927	0.42	20	0.628	"removed"	FALSE	0.33	500652	212725	287927	0.424895935699847
