"sample"	"reads_total"	"reads_assigned_bins"	"percentage_duplicates"	"median_bin_count"	"filter_corr_value"	"filtered"	"TotalReads"	"DupsRemoved"	"ReadsKept"	"MedianBinCount"	"dups_percentage"
"ACCATTTACCATCCA_merged2_AGGATG_S001"	924130	747091	0.19	49	0.165	"removed"	924130	177039	747091	49	0.191573696341424
"ATCGCGTTCAAAACG_merged2_AGGATG_S001"	1548249	1241846	0.2	92	0.487	"removed"	1548249	306403	1241846	92	0.197902921300127
"ATCGCGTTGCCACCT_merged2_AGGATG_S001"	1311184	1063421	0.19	81	0.393	"removed"	1311184	247763	1063421	81	0.188961274695237
"ATCGCGTTTAGTCTA_merged2_AGGATG_S001"	1194977	966587	0.19	75	0.407	"removed"	1194977	228390	966587	75	0.191125017468955
"ATCGGGACCGGAGAC_merged2_AGGATG_S001"	159990	128140	0.2	9	0.517	"removed"	159990	31850	128140	9	0.199074942183886
"ATCGGGACGTGGGTT_merged2_AGGATG_S001"	355679	290596	0.18	19	0.482	"removed"	355679	65083	290596	19	0.18298240829512
"ATCGGGACTCGAGTA_merged2_AGGATG_S001"	418120	338008	0.19	23	0.46	"removed"	418120	80112	338008	23	0.191600497464843
"ATGCTGCGTCACAGC_merged2_AGGATG_S001"	867261	701112	0.19	50	0.753	"removed"	867261	166149	701112	50	0.191579005628064
"CATCAAGGACGTCGT_merged2_AGGATG_S001"	740465	596797	0.19	44	0.477	"removed"	740465	143668	596797	44	0.194024025443471
"CATCAAGGACTCGCA_merged2_AGGATG_S001"	1568216	1263664	0.19	96	0.402	"removed"	1568216	304552	1263664	96	0.194202839404776
"CATCAAGGCAAAACG_merged2_AGGATG_S001"	1066863	863354	0.19	64	0.428	"removed"	1066863	203509	863354	64	0.19075457673572
"CATCAAGGCCATCCA_merged2_AGGATG_S001"	1980709	1607996	0.19	124	0.497	"removed"	1980709	372713	1607996	124	0.188171508283145
"CATCAAGGCCGCTTA_merged2_AGGATG_S001"	1080935	876256	0.19	65	0.451	"removed"	1080935	204679	876256	65	0.189353661413498
"CATCAAGGGGCTTGG_merged2_AGGATG_S001"	1275103	1034738	0.19	80	0.481	"removed"	1275103	240365	1034738	80	0.188506340272119
"CATCAAGGTAGCCGG_merged2_AGGATG_S001"	2124993	1731259	0.19	131	0.457	"removed"	2124993	393734	1731259	131	0.185287198593125
"CATCAAGGTGCACCG_merged2_AGGATG_S001"	793251	638456	0.2	47	0.318	"removed"	793251	154795	638456	47	0.195139999823511
"CATCAAGGTGGAATT_merged2_AGGATG_S001"	527753	428847	0.19	30	0.38	"removed"	527753	98906	428847	30	0.187409640494701
"CATGCCCCGCAGGTC_merged2_AGGATG_S001"	605175	492020	0.19	37	0.4	"removed"	605175	113155	492020	37	0.186978973024332
"CATGCCCCGCAGTAG_merged2_AGGATG_S001"	947250	769515	0.19	57	0.501	"removed"	947250	177735	769515	57	0.18763262074426
"CATGCCCCGCCACCT_merged2_AGGATG_S001"	2714433	2184033	0.2	163	0.372	"removed"	2714433	530400	2184033	163	0.195399923298899
"CATGCCCCTAGCCGG_merged2_AGGATG_S001"	634992	517224	0.19	37	0.319	"removed"	634992	117768	517224	37	0.185463753874065
"CATGCCCCTGATGCA_merged2_AGGATG_S001"	756495	616514	0.19	46	0.36	"removed"	756495	139981	616514	46	0.185038896489732
"CATTGTGTAGAACTA_merged2_AGGATG_S001"	304862	248024	0.19	18	0.627	"removed"	304862	56838	248024	18	0.186438454120225
"CATTGTGTAGTAGCC_merged2_AGGATG_S001"	894959	724261	0.19	53	0.715	"removed"	894959	170698	724261	53	0.190732759824752
"CATTGTGTCTGCATG_merged2_AGGATG_S001"	816714	662683	0.19	48	0.728	"removed"	816714	154031	662683	48	0.188598456742507
"CATTGTGTGGCCAAA_merged2_AGGATG_S001"	1804529	1461435	0.19	91	0.255	"removed"	1804529	343094	1461435	91	0.190129391104272
"CCATGGAACGGTCTT_merged2_AGGATG_S001"	846131	678032	0.2	50	0.316	"removed"	846131	168099	678032	50	0.198667818576556
"CCATGGAAGGCTTGG_merged2_AGGATG_S001"	1130859	911095	0.19	66	0.382	"removed"	1130859	219764	911095	66	0.194333687931033
"CCATGGAATATAAGA_merged2_AGGATG_S001"	701220	560117	0.2	42	0.436	"removed"	701220	141103	560117	42	0.201225007843473
"CCGCGCTTGCTATTA_merged2_AGGATG_S001"	972204	787604	0.19	58	0.405	"removed"	972204	184600	787604	58	0.189877844567601
"CCGCGCTTGGTCCCA_merged2_AGGATG_S001"	1161759	946529	0.19	69	0.361	"removed"	1161759	215230	946529	69	0.185262175718028
"CCGCGCTTTCCATAG_merged2_AGGATG_S001"	1004595	812239	0.19	60	0.34	"removed"	1004595	192356	812239	60	0.191476167012577
"CCGCGCTTTCGTATC_merged2_AGGATG_S001"	1052639	845119	0.2	62	0.417	"removed"	1052639	207520	845119	62	0.197142610144598
"CTCGATTAAGAGACT_merged2_AGGATG_S001"	1189056	960744	0.19	74	0.473	"removed"	1189056	228312	960744	74	0.192011141611497
"CTCGATTAGAGGCGA_merged2_AGGATG_S001"	1586548	1286471	0.19	93	0.387	"removed"	1586548	300077	1286471	93	0.189138305301825
"CTCGATTAGCCTATA_merged2_AGGATG_S001"	3155262	2538932	0.2	193	0.482	"removed"	3155262	616330	2538932	193	0.195334016636336
"CTCGATTAGGCCAAA_merged2_AGGATG_S001"	259169	211007	0.19	15	0.372	"removed"	259169	48162	211007	15	0.18583241051206
"CTCGATTAGTCGCAC_merged2_AGGATG_S001"	3235821	2620817	0.19	200	0.383	"removed"	3235821	615004	2620817	200	0.19006119312533
"CTCGATTATAGTCTA_merged2_AGGATG_S001"	2342495	1892917	0.19	144	0.465	"removed"	2342495	449578	1892917	144	0.191922714883063
"CTTTCTCTAAATGGA_merged2_AGGATG_S001"	2637064	2133102	0.19	157	0.473	"removed"	2637064	503962	2133102	157	0.191107231375499
"CTTTCTCTATGGTCA_merged2_AGGATG_S001"	2813083	2257071	0.2	170	0.482	"removed"	2813083	556012	2257071	170	0.197652184453854
"CTTTCTCTCGGTCTT_merged2_AGGATG_S001"	909027	736072	0.19	55	0.437	"removed"	909027	172955	736072	55	0.190263875550451
"CTTTCTCTTCGGTTT_merged2_AGGATG_S001"	3585438	2873567	0.2	221	0.379	"removed"	3585438	711871	2873567	221	0.198545059208945
"GACGTCGGGACGGGG_merged2_AGGATG_S001"	833315	675776	0.19	46	0.584	"removed"	833315	157539	675776	46	0.189050959121101
"GACGTCGGGTCGCAC_merged2_AGGATG_S001"	932895	734319	0.21	45	0.196	"removed"	932895	198576	734319	45	0.21285996816362
"GACGTCGGTCCATAG_merged2_AGGATG_S001"	1605243	1291702	0.2	93	0.67	"removed"	1605243	313541	1291702	93	0.195323075696328
"GACGTCGGTGCTTAA_merged2_AGGATG_S001"	636775	513432	0.19	36	0.64	"removed"	636775	123343	513432	36	0.193699501393742
"GAGTCTTTCGGTCTT_merged2_AGGATG_S001"	841294	679429	0.19	47	0.674	"removed"	841294	161865	679429	47	0.192400040889392
"GAGTCTTTGTAATTT_merged2_AGGATG_S001"	1340787	1080404	0.19	78	0.644	"removed"	1340787	260383	1080404	78	0.194201614424961
"GATCCCGTCTGCATG_merged2_AGGATG_S001"	1126015	909333	0.19	68	0.488	"removed"	1126015	216682	909333	68	0.192432605249486
"GATCCCGTGTAAAGG_merged2_AGGATG_S001"	521030	425101	0.18	30	0.379	"removed"	521030	95929	425101	30	0.184114158493753
"GATCCCGTGTCGCAC_merged2_AGGATG_S001"	704744	568588	0.19	43	0.455	"removed"	704744	136156	568588	43	0.193199232629153
"GATCCCGTTGCTTAA_merged2_AGGATG_S001"	476369	385355	0.19	28	0.483	"removed"	476369	91014	385355	28	0.191057772441112
"GATCCCGTTGGAATT_merged2_AGGATG_S001"	953861	768112	0.19	57	0.395	"removed"	953861	185749	768112	57	0.194733823900967
"GGTCATATCGGTCTT_merged2_AGGATG_S001"	865840	701527	0.19	51	0.436	"removed"	865840	164313	701527	51	0.189772937263236
"GGTCATATCTGCATG_merged2_AGGATG_S001"	656710	532179	0.19	38	0.333	"removed"	656710	124531	532179	38	0.189628603188622
"GGTCATATGAGGCGA_merged2_AGGATG_S001"	1005987	810843	0.19	59	0.388	"removed"	1005987	195144	810843	59	0.19398262601803
"GGTCATATTATAAGA_merged2_AGGATG_S001"	768062	623427	0.19	46	0.374	"removed"	768062	144635	623427	46	0.188311620676456
"GGTCATATTGCTTAA_merged2_AGGATG_S001"	2885211	2323156	0.19	178	0.454	"removed"	2885211	562055	2323156	178	0.194805509891651
"GTCAGTAGGAGGCGA_merged2_AGGATG_S001"	2490044	2002001	0.2	153	0.329	"removed"	2490044	488043	2002001	153	0.195997741405373
"GTCAGTAGTAGCCGG_merged2_AGGATG_S001"	1499443	1204682	0.2	91	0.407	"removed"	1499443	294761	1204682	91	0.1965803301626
"GTCAGTAGTAGTCTA_merged2_AGGATG_S001"	2547242	2047612	0.2	163	0.459	"removed"	2547242	499630	2047612	163	0.196145478128894
"GTTACGCGCAAGCTC_merged2_AGGATG_S001"	1248973	1013745	0.19	76	0.352	"removed"	1248973	235228	1013745	76	0.18833713779241
"GTTACGCGCAGAGGT_merged2_AGGATG_S001"	1127465	910782	0.19	68	0.393	"removed"	1127465	216683	910782	68	0.192186010208743
"GTTACGCGTCCATAG_merged2_AGGATG_S001"	644944	524687	0.19	39	0.386	"removed"	644944	120257	524687	39	0.186461150115359
"GTTACGCGTTACTTA_merged2_AGGATG_S001"	2249260	1822041	0.19	140	0.578	"removed"	2249260	427219	1822041	140	0.189937579470581
"TACGATATACGTCGT_merged2_AGGATG_S001"	258740	210250	0.19	14	0.704	"removed"	258740	48490	210250	14	0.187408209012909
"TCCTTGTGAGAGACT_merged2_AGGATG_S001"	1370890	1103084	0.2	82	0.286	"removed"	1370890	267806	1103084	82	0.195351924662081
"TCGCGTTTAGAGACT_merged2_AGGATG_S001"	2605318	2101935	0.19	161	0.401	"removed"	2605318	503383	2101935	161	0.193213649926804
"TCGCGTTTTTACTTA_merged2_AGGATG_S001"	2277039	1837751	0.19	136	0.399	"removed"	2277039	439288	1837751	136	0.192920718529634
"TCGGCCTACACTGTT_merged2_AGGATG_S001"	2095228	1692983	0.19	127	0.46	"removed"	2095228	402245	1692983	127	0.191981493183558
"TCTTAGTGCAAAACG_merged2_AGGATG_S001"	501807	409897	0.18	30	0.434	"removed"	501807	91910	409897	30	0.183158066746777
"TCTTAGTGTGCTTAA_merged2_AGGATG_S001"	1525682	1229747	0.19	93	0.414	"removed"	1525682	295935	1229747	93	0.193968992227738
"TGATATTGATATCCC_merged2_AGGATG_S001"	1383152	1123446	0.19	86	0.447	"removed"	1383152	259706	1123446	86	0.187763890013534
"TGATATTGCAAGCTC_merged2_AGGATG_S001"	875813	711788	0.19	52	0.355	"removed"	875813	164025	711788	52	0.187283130074571
"TGATATTGGACCTTC_merged2_AGGATG_S001"	2354833	1908913	0.19	139	0.443	"removed"	2354833	445920	1908913	139	0.189363746813468
"TGATATTGGGTAGGA_merged2_AGGATG_S001"	569603	458263	0.2	33	0.386	"removed"	569603	111340	458263	33	0.195469476108799
"TGATATTGGTCGCAC_merged2_AGGATG_S001"	1219077	991113	0.19	75	0.501	"removed"	1219077	227964	991113	75	0.186997211825012
"TGATATTGGTGGGTT_merged2_AGGATG_S001"	233668	188703	0.19	14	0.467	"removed"	233668	44965	188703	14	0.192431141619734
"TGATATTGTAGCCGG_merged2_AGGATG_S001"	2823757	2274284	0.19	177	0.49	"removed"	2823757	549473	2274284	177	0.194589336122053
"TGATATTGTCGAGTA_merged2_AGGATG_S001"	1579920	1275860	0.19	97	0.421	"removed"	1579920	304060	1275860	97	0.192452782419363
"TGATATTGTCGTATC_merged2_AGGATG_S001"	687087	557783	0.19	41	0.368	"removed"	687087	129304	557783	41	0.188191597279529
"TTTGACTCACGTCGT_merged2_AGGATG_S001"	623454	505854	0.19	36	0.442	"removed"	623454	117600	505854	36	0.188626586724923
"TTTGACTCCAAGCTC_merged2_AGGATG_S001"	684127	556812	0.19	34	0.453	"removed"	684127	127315	556812	34	0.18609848756152
"TTTGACTCCCATCCA_merged2_AGGATG_S001"	711602	577223	0.19	38	0.325	"removed"	711602	134379	577223	38	0.188840110061523
"TTTGACTCGGGCGAG_merged2_AGGATG_S001"	590067	475785	0.19	33	0.662	"removed"	590067	114282	475785	33	0.193676311334137
"TTTGACTCGTGGGTT_merged2_AGGATG_S001"	1789459	1447074	0.19	108	0.698	"removed"	1789459	342385	1447074	108	0.19133436418493
