sample	reads_total	reads_assigned_bins	percentage_duplicates	median_bin_count	filter_corr_value	ReadsKept	MedianBinCount	dups_percentage	sample_name	over_disp
TN21A1_CGATGT_R1_001	1461021	1441443	0.01	105	0.938	1441443	105	0.0134002180666808	dop_merge	0.0232657403420435
TN21A10_GATCAG_R1_001	1234195	1218753	0.01	88	0.917	1218753	88	0.012511799188945	dop_merge	0.0297208693388693
TN21A11_TAGCTT_R1_001	1628910	1606847	0.01	116	0.933	1606847	116	0.0135446402809241	dop_merge	0.0289650890884887
TN21A12_GGCTAC_R1_001	1182328	1167891	0.01	84	0.941	1167891	84	0.0122106555879587	dop_merge	0.0390112062937653
TN21A13_AGTCAA_R1_001	1612212	1586031	0.02	114	0.944	1586031	114	0.0162391794627506	dop_merge	0.0310649282943403
TN21A14_AGTTCC_R1_001	1639893	1615199	0.02	117	0.882	1615199	117	0.0150582995353965	dop_merge	0.0363026948831884
TN21A15_ATGTCA_R1_001	1613642	1592487	0.01	114	0.955	1592487	114	0.0131100950520624	dop_merge	0.037979394785124
TN21A16_CCGTCC_R1_001	1231541	1216854	0.01	88	0.937	1216854	88	0.0119257093348902	dop_merge	0.0272272375674893
TN21A17_GTAGAG_R1_001	1158445	1142375	0.01	83	0.948	1142375	83	0.0138720439900038	dop_merge	0.0394633313123568
TN21A18_GTCCGC_R1_001	1272187	1256186	0.01	90	0.946	1256186	90	0.0125775534571568	dop_merge	0.0319208582152382
TN21A19_GTGAAA_R1_001	1159269	1143869	0.01	82	0.928	1143869	82	0.0132842334264092	dop_merge	0.033309941996148
TN21A2_TGACCA_R1_001	1733594	1711860	0.01	125	0.931	1711860	125	0.01253696078782	dop_merge	0.0330257825454575
TN21A20_GTGGCC_R1_001	1243606	1228510	0.01	89	0.901	1228510	89	0.0121388928647819	dop_merge	0.037333720992507
TN21A22_CGTACG_R1_001	1221857	1204833	0.01	87	0.917	1204833	87	0.0139328906737859	dop_merge	0.0335406386390975
TN21A23_GAGTGG_R1_001	1349198	1332832	0.01	97	0.937	1332832	97	0.0121301691819881	dop_merge	0.0299487336874069
TN21A24_GGTAGC_R1_001	1094939	1081976	0.01	78	0.948	1081976	78	0.0118390156894585	dop_merge	0.0268623067796552
TN21A25_ACTGAT_R1_001	1997831	1964658	0.02	145	0.901	1964658	145	0.0166045075884797	dop_merge	0.0280451350293863
TN21A26_ATGAGC_R1_001	1388714	1369948	0.01	100	0.933	1369948	100	0.013513221584862	dop_merge	0.0321180120732125
TN21A27_ATTCCT_R1_001	1366489	1347709	0.01	97	0.957	1347709	97	0.013743250037139	dop_merge	0.0245890212738677
TN21A28_CAAAAG_R1_001	1461389	1440528	0.01	104	0.96	1440528	104	0.014274775573102	dop_merge	0.0331905011542805
TN21A29_CAACTA_R1_001	1348175	1328979	0.01	96	0.928	1328979	96	0.0142385076121423	dop_merge	0.0330713731477931
TN21A3_ACAGTG_R1_001	1470698	1452273	0.01	105	0.916	1452273	105	0.0125280649052355	dop_merge	0.02912433505755
TN21A31_CACGAT_R1_001	1480844	1459382	0.01	106	0.944	1459382	106	0.0144930863750672	dop_merge	0.0375068287871178
TN21A32_CACTCA_R1_001	1236149	1219037	0.01	88	0.941	1219037	88	0.0138429914193192	dop_merge	0.0377106817395578
TN21A33_CAGGCG_R1_001	871411	858851	0.01	63	0.937	858851	63	0.0144134053850594	dop_merge	0.0327046767427202
TN21A34_CATGGC_R1_001	995474	982499	0.01	72	0.927	982499	72	0.0130339918471	dop_merge	0.0309145830667277
TN21A36_CCAACA_R1_001	1039334	1024847	0.01	74	0.946	1024847	74	0.0139387338430187	dop_merge	0.0220817298671464
TN21A37_CGGAAT_R1_001	1371908	1353108	0.01	99	0.909	1353108	99	0.0137035428031617	dop_merge	0.038566822931999
TN21A39_CTATAC_R1_001	1431726	1413637	0.01	103	0.923	1413637	103	0.0126344007163382	dop_merge	0.0305300476347199
TN21A4_GCCAAT_R1_001	1211256	1195488	0.01	85	0.9	1195488	85	0.013017892171432	dop_merge	0.0244751657164422
TN21A40_CTCAGA_R1_001	1448212	1429349	0.01	105	0.939	1429349	105	0.0130250267226069	dop_merge	0.0326584394162863
TN21A42_TAATCG_R1_001	1669844	1646300	0.01	120	0.891	1646300	120	0.0140995206737875	dop_merge	0.0343005955778586
TN21A43_TACAGC_R1_001	1677172	1654069	0.01	121	0.931	1654069	121	0.0137749735864896	dop_merge	0.0341900971814766
TN21A44_TATAAT_R1_001	1474960	1455727	0.01	106	0.899	1455727	106	0.0130396756522211	dop_merge	0.0307241705070585
TN21A45_TCATTC_R1_001	1411920	1393383	0.01	100	0.901	1393383	100	0.0131289308176101	dop_merge	0.032802350785158
TN21A46_TCCCGA_R1_001	1291354	1274808	0.01	92	0.948	1274808	92	0.0128129080019886	dop_merge	0.0317774144725229
TN21A47POP_TCGAAG_R1_001	902171	885997	0.02	63	0.942	885997	63	0.0179278651164801	dop_merge	0.0144203976840205
TN21A48POP_TCGGCA_R1_001	1386859	1364498	0.02	97	0.946	1364498	97	0.0161234847954983	dop_merge	0.0132004366669777
TN21A5_CAGATC_R1_001	1579688	1559295	0.01	113	0.931	1559295	113	0.0129095112452586	dop_merge	0.0344066890951894
TN21A6_CTTGTA_R1_001	1368487	1349766	0.01	98	0.932	1349766	98	0.013680071495016	dop_merge	0.0259109937891415
TN21A7_ATCACG_R1_001	1261320	1245614	0.01	91	0.942	1245614	91	0.0124520343766847	dop_merge	0.0344383057966977
TN21A8_TTAGGC_R1_001	1217098	1202467	0.01	87	0.935	1202467	87	0.0120212176833747	dop_merge	0.0247210254471225
TN21A9_ACTTGA_R1_001	1363331	1345709	0.01	98	0.941	1345709	98	0.0129256944938537	dop_merge	0.0354883560918267
TN28A1_CGATGT_R1_001	1303458	1287651	0.01	93	0.928	1287651	93	0.0121269730209949	dop_merge	0.0184791849104801
TN28A10_GATCAG_R1_001	1426135	1408831	0.01	102	0.97	1408831	102	0.0121334936734601	dop_merge	0.0293588834582829
TN28A11_TAGCTT_R1_001	1538209	1517717	0.01	109	0.946	1517717	109	0.0133219868041339	dop_merge	0.0296067722615646
TN28A13_AGTCAA_R1_001	1210641	1195736	0.01	86	0.972	1195736	86	0.0123116596910232	dop_merge	0.0226289394745216
TN28A14_AGTTCC_R1_001	1660428	1640221	0.01	123	0.89	1640221	123	0.0121697538225084	dop_merge	0.02745721104321
TN28A15_ATGTCA_R1_001	1340314	1323801	0.01	93	0.851	1323801	93	0.0123202473450251	dop_merge	0.0409413674400081
TN28A18_GTCCGC_R1_001	1414031	1394803	0.01	101	0.951	1394803	101	0.013598004569914	dop_merge	0.0178122254029597
TN28A19_GTGAAA_R1_001	1164001	1150005	0.01	83	0.959	1150005	83	0.0120240446528826	dop_merge	0.0190082156047598
TN28A2_TGACCA_R1_001	2283508	2251708	0.01	163	0.973	2251708	163	0.0139259420155305	dop_merge	0.0197849751213324
TN28A20_GTGGCC_R1_001	1428323	1412088	0.01	104	0.898	1412088	104	0.011366476630286	dop_merge	0.0231855596648985
TN28A22_CGTACG_R1_001	1067756	1055801	0.01	76	0.95	1055801	76	0.0111963781987645	dop_merge	0.0248805155102934
TN28A23_GAGTGG_R1_001	1337198	1321722	0.01	95	0.966	1321722	95	0.011573454342588	dop_merge	0.0255140166139669
TN28A24_GGTAGC_R1_001	1454423	1437237	0.01	104	0.969	1437237	104	0.0118163697906317	dop_merge	0.0279684116669066
TN28A25_ACTGAT_R1_001	1678171	1656978	0.01	118	0.963	1656978	118	0.0126286296211769	dop_merge	0.0277785601391526
TN28A26_ATGAGC_R1_001	1494633	1476005	0.01	106	0.953	1476005	106	0.0124632602117041	dop_merge	0.0277149132034711
TN28A27_ATTCCT_R1_001	1342208	1324290	0.01	95	0.92	1324290	95	0.0133496447644478	dop_merge	0.037778693562336
TN28A28_CAAAAG_R1_001	1531817	1512329	0.01	109	0.939	1512329	109	0.0127221463138221	dop_merge	0.0222888641700801
TN28A29_CAACTA_R1_001	1540885	1521726	0.01	111	0.922	1521726	111	0.01243376371371	dop_merge	0.0258241068491012
TN28A3_ACAGTG_R1_001	1309115	1295152	0.01	93	0.972	1295152	93	0.0106659842718172	dop_merge	0.0238012572257738
TN28A30_CACCGG_R1_001	1111558	1094293	0.02	79	0.964	1094293	79	0.0155322529278724	dop_merge	0.0301182012288932
TN28A31_CACGAT_R1_001	1914851	1889970	0.01	137	0.97	1889970	137	0.0129937002931299	dop_merge	0.0218872213259352
TN28A32_CACTCA_R1_001	1869105	1840460	0.02	130	0.831	1840460	130	0.0153255167580205	dop_merge	0.0362506051614865
TN28A33_CAGGCG_R1_001	1177790	1162422	0.01	83	0.894	1162422	83	0.0130481664812912	dop_merge	0.0252038632927111
TN28A34_CATGGC_R1_001	1531363	1511872	0.01	111	0.817	1511872	111	0.012727877061154	dop_merge	0.0318672799380913
TN28A35_CATTTT_R1_001	1538042	1516803	0.01	113	0.822	1516803	113	0.0138091157458639	dop_merge	0.0184749597257592
TN28A36_CCAACA_R1_001	1504151	1485014	0.01	107	0.95	1485014	107	0.0127227917941749	dop_merge	0.02914166881389
TN28A38_CTAGCT_R1_001	1876055	1850338	0.01	134	0.964	1850338	134	0.0137080202872517	dop_merge	0.0157827209886214
TN28A39_CTATAC_R1_001	1893801	1867533	0.01	133	0.905	1867533	133	0.0138705175464582	dop_merge	0.0401473080073611
TN28A4_GCCAAT_R1_001	1174771	1162354	0.01	83	0.975	1162354	83	0.0105697195453412	dop_merge	0.0135302469197592
TN28A42_TAATCG_R1_001	1381746	1363788	0.01	97	0.944	1363788	97	0.0129965999539713	dop_merge	0.0331978251914148
TN28A43_TACAGC_R1_001	1162571	1147847	0.01	83	0.816	1147847	83	0.012665032931322	dop_merge	0.0257304145345693
TN28A44_TATAAT_R1_001	1175820	1161025	0.01	82	0.922	1161025	82	0.0125827082376554	dop_merge	0.0332957115946968
TN28A45_TCATTC_R1_001	1003986	991764	0.01	71	0.942	991764	71	0.012173476522581	dop_merge	0.0288232938558752
TN28A46_TCCCGA_R1_001	2041765	2000565	0.02	144	0.881	2000565	144	0.0201786199685076	dop_merge	0.0470884234960433
TN28A47POP_TCGAAG_R1_001	784518	770034	0.02	56	0.962	770034	56	0.0184622914961798	dop_merge	0.0179079770186786
TN28A48POP_TCGGCA_R1_001	1154306	1134845	0.02	84	0.971	1134845	84	0.0168594809348648	dop_merge	0.018301973102199
TN28A5_CAGATC_R1_001	1071160	1060270	0.01	76	0.945	1060270	76	0.0101665484148026	dop_merge	0.0283100698039831
TN28A7_ATCACG_R1_001	1226550	1211423	0.01	87	0.925	1211423	87	0.0123329664506135	dop_merge	0.0312172207063605
TN28A8_TTAGGC_R1_001	1337832	1321524	0.01	94	0.824	1321524	94	0.0121898713739842	dop_merge	0.0334216554010833
TN28A9_ACTTGA_R1_001	998021	985588	0.01	70	0.955	985588	70	0.0124576536966657	dop_merge	0.0243543514572927
TN4A1_CGATGT_R1_001	1651881	1626148	0.02	117	0.974	1626148	117	0.0155779986572883	dop_merge	0.0477968553266074
TN4A10_GATCAG_R1_001	1493495	1473936	0.01	107	0.948	1473936	107	0.0130961268701937	dop_merge	0.0261266270020152
TN4A11_TAGCTT_R1_001	1588343	1567065	0.01	114	0.942	1567065	114	0.0133963507882114	dop_merge	0.0262176365128367
TN4A12_GGCTAC_R1_001	1523395	1498438	0.02	107	0.954	1498438	107	0.016382487798634	dop_merge	0.03901442251669
TN4A13_AGTCAA_R1_001	1382807	1365248	0.01	98	0.915	1365248	98	0.0126980844036803	dop_merge	0.073229911743006
TN4A14_AGTTCC_R1_001	1746743	1722341	0.01	124	0.898	1722341	124	0.0139700001660233	dop_merge	0.0549533870795229
TN4A15_ATGTCA_R1_001	1546258	1526366	0.01	111	0.882	1526366	111	0.0128646060359914	dop_merge	0.0571845009184722
TN4A17_GTAGAG_R1_001	1111438	1097220	0.01	78	0.954	1097220	78	0.0127924364651919	dop_merge	0.0719261576331867
TN4A19_GTGAAA_R1_001	1388045	1371057	0.01	99	0.951	1371057	99	0.0122387962926274	dop_merge	0.0627790044274354
TN4A2_TGACCA_R1_001	1740652	1716187	0.01	123	0.944	1716187	123	0.0140550782120723	dop_merge	0.0572313974745172
TN4A20_GTGGCC_R1_001	1379912	1361837	0.01	93	0.917	1361837	93	0.0130986613639131	dop_merge	0.0646451942586639
TN4A21_GTTTCG_R1_001	1221672	1205798	0.01	86	0.8	1205798	86	0.0129936676947659	dop_merge	0.0640514368260438
TN4A22_CGTACG_R1_001	1470349	1448746	0.01	102	0.916	1448746	102	0.0146924301645392	dop_merge	0.0904852730515847
TN4A23_GAGTGG_R1_001	1436549	1418053	0.01	101	0.824	1418053	101	0.0128753004596432	dop_merge	0.0632485484046224
TN4A24_GGTAGC_R1_001	1498565	1475442	0.02	106	0.971	1475442	106	0.0154300947906831	dop_merge	0.0782234554803504
TN4A25_ACTGAT_R1_001	1499563	1480870	0.01	105	0.929	1480870	105	0.0124656316540219	dop_merge	0.0709784720191177
TN4A26_ATGAGC_R1_001	1428927	1409316	0.01	99	0.862	1409316	99	0.013724284025706	dop_merge	0.0830482865198879
TN4A27_ATTCCT_R1_001	1283303	1265714	0.01	88	0.881	1265714	88	0.0137060382466183	dop_merge	0.0955948946383839
TN4A3_ACAGTG_R1_001	1425600	1402202	0.02	101	0.957	1402202	101	0.0164127384960718	dop_merge	0.0732913188216285
TN4A31_CACGAT_R1_001	1329266	1312635	0.01	94	0.813	1312635	94	0.012511416074736	dop_merge	0.0549814847489747
TN4A32_CACTCA_R1_001	1497490	1477589	0.01	106	0.928	1477589	106	0.0132895712158345	dop_merge	0.0723436524861756
TN4A33_CAGGCG_R1_001	887774	877245	0.01	62	0.93	877245	62	0.0118600004055086	dop_merge	0.067314554252238
TN4A34_CATGGC_R1_001	1174895	1160484	0.01	84	0.89	1160484	84	0.0122657769417693	dop_merge	0.0485207413647339
TN4A36_CCAACA_R1_001	889594	878743	0.01	63	0.973	878743	63	0.0121976991751293	dop_merge	0.0575654444233677
TN4A37_CGGAAT_R1_001	1187847	1173193	0.01	86	0.934	1173193	86	0.0123366056402887	dop_merge	0.0383949173457264
TN4A38_CTAGCT_R1_001	1225729	1209340	0.01	87	0.888	1209340	87	0.0133708185088221	dop_merge	0.0478357591153199
TN4A39_CTATAC_R1_001	1395997	1377464	0.01	98	0.936	1377464	98	0.0132758164953077	dop_merge	0.0734765315371264
TN4A4_GCCAAT_R1_001	1274847	1258298	0.01	90	0.946	1258298	90	0.0129811655830072	dop_merge	0.0717572989004123
TN4A40_CTCAGA_R1_001	1233567	1216795	0.01	88	0.899	1216795	88	0.0135963429631305	dop_merge	0.0376434087483322
TN4A42_TAATCG_R1_001	1256445	1240739	0.01	88	0.944	1240739	88	0.0125003482046568	dop_merge	0.0543748268381997
TN4A43_TACAGC_R1_001	1164853	1149127	0.01	83	0.869	1149127	83	0.0135004159323108	dop_merge	0.0659258260213671
TN4A44_TATAAT_R1_001	1031328	1018434	0.01	72	0.87	1018434	72	0.0125023270967141	dop_merge	0.0671967855178447
TN4A45_TCATTC_R1_001	847325	837471	0.01	59	0.909	837471	59	0.0116295400230136	dop_merge	0.0754416431104925
TN4A46_TCCCGA_R1_001	966598	955225	0.01	68	0.933	955225	68	0.0117660082061002	dop_merge	0.0653418541914227
TN4A47POP_TCGAAG_R1_001	496698	490752	0.01	36	0.974	490752	36	0.0119710568595001	dop_merge	0.011484440679057
TN4A48POP_TCGGCA_R1_001	903756	890875	0.01	65	0.927	890875	65	0.0142527407840169	dop_merge	0.0114963181852927
TN4A5_CAGATC_R1_001	1276492	1258283	0.01	92	0.927	1258283	92	0.0142648759255836	dop_merge	0.0506034250596094
TN4A7_ATCACG_R1_001	1481180	1460142	0.01	102	0.93	1460142	102	0.0142035404204756	dop_merge	0.0572576606566589
TN4A8_TTAGGC_R1_001	1472918	1453520	0.01	104	0.901	1453520	104	0.0131697759142057	dop_merge	0.059204729450511
