sample	reads_total	reads_assigned_bins	percentage_duplicates	median_bin_count	filter_corr_value	ReadsKept	MedianBinCount	dups_percentage	sample_name	over_disp	tech
Arc_well_315A_formalin_r49c14_yes_B2_ManualUseCluster_S3543_R1_001	529655	431010	0.19	34	0.835	431010	34	0.186243875730428	formalin_315a	0.0151688301307084	Arc-well-formalin-315A
Arc_well_315A_formalin_r71c42_yes_D1_ManualUseMultipleCells_S5155_R1_001	313918	255044	0.19	19	0.883	255044	19	0.187545792213253	formalin_315a	0.00522185080008694	Arc-well-formalin-315A
Arc_well_315A_formalin_r32c62_yes_D1_Good_S2367_R1_001	300727	262852	0.13	19	0.889	262852	19	0.125944793783066	formalin_315a	0.0155715349547836	Arc-well-formalin-315A
Arc_well_315A_formalin_r56c63_yes_C2_Good_S4096_R1_001	506382	398238	0.21	30	1	398238	30	0.21356209343934	formalin_315a	0.00386719795587233	Arc-well-formalin-315A
Arc_well_315A_formalin_r61c9_yes_C2_Good_S4402_R1_001	271307	231749	0.15	18	1	231749	18	0.145805305428905	formalin_315a	0.00751605649099623	Arc-well-formalin-315A
Arc_well_315A_formalin_r5c38_yes_A1_Good_S399_R1_001	614863	474715	0.23	36	0.98	474715	36	0.227933702304416	formalin_315a	0.010863230365226	Arc-well-formalin-315A
Arc_well_315A_formalin_r6c0_yes_A1_Good_S433_R1_001	1019059	779090	0.24	60	0.979	779090	60	0.23548096822657	formalin_315a	0.0034263420742775	Arc-well-formalin-315A
Arc_well_315A_formalin_r54c8_yes_C1_Good_S3897_R1_001	1958192	1491517	0.24	113	0.944	1491517	113	0.238319327216126	formalin_315a	0.00472349564427455	Arc-well-formalin-315A
Arc_well_315A_formalin_r37c12_yes_A2_ManualUseMultipleCells_S2677_R1_001	257507	204760	0.2	15	0.958	204760	15	0.204837150058057	formalin_315a	0.00810902118303223	Arc-well-formalin-315A
Arc_well_315A_formalin_r33c67_yes_D2_Good_S2444_R1_001	161688	128459	0.21	9	0.855	128459	9	0.205513086932858	formalin_315a	0.0388093270210342	Arc-well-formalin-315A
Arc_well_315A_formalin_r25c0_yes_C1_Good_S1801_R1_001	800985	622188	0.22	48	1	622188	48	0.223221408640611	formalin_315a	0.00272444476607779	Arc-well-formalin-315A
Arc_well_315A_formalin_r53c21_yes_B1_Good_S3838_R1_001	1385485	1083805	0.22	83	0.995	1083805	83	0.217743245145202	formalin_315a	0.00423558357580619	Arc-well-formalin-315A
Arc_well_315A_formalin_r54c26_yes_C1_Good_S3915_R1_001	3596695	2679566	0.25	219	0.824	2679566	219	0.254992152517798	formalin_315a	0.0106531404281219	Arc-well-formalin-315A
Arc_well_315A_formalin_r68c12_yes_D2_ManualUseClusterLowConfidence_S4909_R1_001	368795	294165	0.2	21	0.858	294165	21	0.202361745685272	formalin_315a	0.0234712177108912	Arc-well-formalin-315A
Arc_well_315A_formalin_r21c50_yes_C2_Good_S1563_R1_001	320526	248229	0.23	18	0.96	248229	18	0.225557365081148	formalin_315a	0.0158437231647628	Arc-well-formalin-315A
Arc_well_315A_formalin_r42c38_yes_A1_ManualUseClusterLowConfidence_S3063_R1_001	494653	394604	0.2	29	0.957	394604	29	0.202260978908447	formalin_315a	0.00514380749749824	Arc-well-formalin-315A
Arc_well_315A_formalin_r25c62_yes_C1_Good_S1863_R1_001	758283	569282	0.25	43	1	569282	43	0.249248631447626	formalin_315a	0.00435191685951407	Arc-well-formalin-315A
Arc_well_315A_formalin_r67c8_yes_D1_Good_S4833_R1_001	889489	684195	0.23	52	0.886	684195	52	0.230799931196451	formalin_315a	0.00447757231197798	Arc-well-formalin-315A
Arc_well_315A_formalin_r17c20_yes_B1_ManualUseMultipleCells_S1245_R1_001	634283	507200	0.2	38	1	507200	38	0.200356938464376	formalin_315a	0.0045011644667114	Arc-well-formalin-315A
Arc_well_315A_formalin_r23c52_yes_C2_Good_S1709_R1_001	590755	464492	0.21	35	1	464492	35	0.213731580773756	formalin_315a	0.00544418907733268	Arc-well-formalin-315A
Arc_well_315A_formalin_r35c32_yes_D2_ManualUseMultipleCells_S2553_R1_001	318772	257377	0.19	19	1	257377	19	0.192598471634899	formalin_315a	0.00348999228675697	Arc-well-formalin-315A
Arc_well_315A_formalin_r43c12_yes_A2_ManualUseMultipleCells_S3109_R1_001	265169	208969	0.21	15	1	208969	15	0.211940309764716	formalin_315a	0.00838671977081318	Arc-well-formalin-315A
Arc_well_315A_formalin_r49c8_yes_B1_Good_S3537_R1_001	1598605	1231136	0.23	90	0.821	1231136	90	0.229868541634738	formalin_315a	0.00813102064862632	Arc-well-formalin-315A
Arc_well_315A_formalin_r13c35_yes_B2_Good_S972_R1_001	1407826	1097430	0.22	80	0.88	1097430	80	0.22047895123403	formalin_315a	0.00855341147891645	Arc-well-formalin-315A
Arc_well_315A_formalin_r51c31_yes_B2_Good_S3704_R1_001	138582	110320	0.2	8	0.962	110320	8	0.203937019237708	formalin_315a	0.0155626218847305	Arc-well-formalin-315A
Arc_well_315A_formalin_r11c67_yes_B2_Good_S860_R1_001	157440	121131	0.23	9	0.952	121131	9	0.23062118902439	formalin_315a	0.0212894798192935	Arc-well-formalin-315A
Arc_well_315A_formalin_r8c19_yes_A1_Good_S596_R1_001	810911	608420	0.25	47	1	608420	47	0.249708044409312	formalin_315a	0.00434654380512928	Arc-well-formalin-315A
Arc_well_315A_formalin_r53c9_yes_B2_ManualUseClusterLowConfidence_S3826_R1_001	1648837	1277545	0.23	98	0.82	1277545	98	0.225184175270206	formalin_315a	0.00446496650105468	Arc-well-formalin-315A
Arc_well_315A_formalin_r52c71_yes_B2_Good_S3816_R1_001	1212585	967150	0.2	77	0.899	967150	77	0.202406429240012	formalin_315a	0.00524292249283368	Arc-well-formalin-315A
Arc_well_315A_formalin_r1c23_yes_A1_Good_S96_R1_001	1547588	1124803	0.27	87	0.986	1124803	87	0.273189634450513	formalin_315a	0.00356542119932589	Arc-well-formalin-315A
Arc_well_315A_formalin_r67c26_yes_D1_Good_S4851_R1_001	1814094	1392169	0.23	106	1	1392169	106	0.232581663353718	formalin_315a	0.00974037348180308	Arc-well-formalin-315A
Arc_well_315A_formalin_r58c62_yes_C1_Good_S4239_R1_001	750272	572653	0.24	44	1	572653	44	0.23673947581677	formalin_315a	0.00484999043772778	Arc-well-formalin-315A
Arc_well_315A_formalin_r10c47_yes_B2_Good_S768_R1_001	405296	320656	0.21	24	1	320656	24	0.208835024278552	formalin_315a	0.00290108269938939	Arc-well-formalin-315A
Arc_well_315A_formalin_r37c17_yes_A2_Good_S2682_R1_001	507945	388318	0.24	29	1	388318	29	0.235511718788452	formalin_315a	0.0106882008797456	Arc-well-formalin-315A
Arc_well_315A_formalin_r30c7_yes_D1_ManualUseMultipleCells_S2168_R1_001	352821	281427	0.2	20	0.84	281427	20	0.20235190082223	formalin_315a	0.0221500526624092	Arc-well-formalin-315A
Arc_well_315A_formalin_r41c13_yes_A2_Good_S2966_R1_001	866177	648232	0.25	49	0.933	648232	49	0.251617163697489	formalin_315a	0.0030143555816019	Arc-well-formalin-315A
Arc_well_315A_formalin_r56c33_yes_C2_Good_S4066_R1_001	336940	261753	0.22	18	0.808	261753	18	0.223146554282662	formalin_315a	0.0199288442060564	Arc-well-formalin-315A
Arc_well_315A_formalin_r16c26_yes_B1_ManualUseMultipleCells_S1179_R1_001	1403012	994340	0.29	70	0.936	994340	70	0.291281899228232	formalin_315a	0.00813767496553659	Arc-well-formalin-315A
Arc_well_315A_formalin_r23c67_yes_C2_Good_S1724_R1_001	306292	246423	0.2	18	0.981	246423	18	0.195463805780105	formalin_315a	0.00926809670400614	Arc-well-formalin-315A
Arc_well_315A_formalin_r35c53_yes_D2_Good_S2574_R1_001	763867	584640	0.23	45	1	584640	45	0.234631159612865	formalin_315a	0.00416072092138017	Arc-well-formalin-315A
Arc_well_315A_formalin_r39c61_yes_A1_Good_S2870_R1_001	642054	495988	0.23	38	1	495988	38	0.227497998610709	formalin_315a	0.00475493040068071	Arc-well-formalin-315A
Arc_well_315A_formalin_r39c66_yes_A2_Good_S2875_R1_001	454496	360333	0.21	27	0.865	360333	27	0.207181141308174	formalin_315a	0.00502984420484971	Arc-well-formalin-315A
Arc_well_315A_formalin_r12c45_yes_B2_Good_S910_R1_001	361029	278565	0.23	21	1	278565	21	0.228413783934255	formalin_315a	0.00626659228143961	Arc-well-formalin-315A
Arc_well_315A_formalin_r33c14_yes_D2_Good_S2391_R1_001	285052	229722	0.19	16	0.869	229722	16	0.194104935239886	formalin_315a	0.0177859417284306	Arc-well-formalin-315A
Arc_well_315A_formalin_r36c17_yes_A2_Good_S2610_R1_001	1447118	1076347	0.26	82	0.996	1076347	82	0.256213384119332	formalin_315a	0.00496547296298152	Arc-well-formalin-315A
Arc_well_315A_formalin_r12c35_yes_B2_Good_S900_R1_001	518452	405420	0.22	31	1	405420	31	0.218018254341771	formalin_315a	0.00498246771705368	Arc-well-formalin-315A
Arc_well_315A_formalin_r4c21_yes_A1_Good_S310_R1_001	2728365	2070387	0.24	161	0.832	2070387	161	0.241162014613147	formalin_315a	0.00440801904733233	Arc-well-formalin-315A
Arc_well_315A_formalin_r21c15_yes_C2_Good_S1528_R1_001	371380	289042	0.22	22	0.984	289042	22	0.221708223383058	formalin_315a	0.00437925743298498	Arc-well-formalin-315A
Arc_well_315A_formalin_r44c34_yes_A2_Good_S3203_R1_001	1211238	897069	0.26	68	1	897069	68	0.259378421086525	formalin_315a	0.00649775471538827	Arc-well-formalin-315A
Arc_well_315A_formalin_r37c63_yes_A2_ManualUseMultipleCells_S2728_R1_001	1137576	864664	0.24	65	0.959	864664	65	0.23990660843759	formalin_315a	0.00745940289757456	Arc-well-formalin-315A
Arc_well_315A_formalin_r47c33_yes_B2_Good_S3418_R1_001	465241	369688	0.21	28	1	369688	28	0.205383876313567	formalin_315a	0.00576018740149287	Arc-well-formalin-315A
Arc_well_315A_formalin_r29c47_yes_D2_Good_S2136_R1_001	741943	558991	0.25	42	1	558991	42	0.246584980247809	formalin_315a	0.0196142161210657	Arc-well-formalin-315A
Arc_well_315A_formalin_r60c21_yes_C1_Good_S4342_R1_001	933886	736689	0.21	57	0.861	736689	57	0.211157464615595	formalin_315a	0.00334099632077026	Arc-well-formalin-315A
Arc_well_315A_formalin_r25c4_yes_C1_Good_S1805_R1_001	181593	142746	0.21	11	1	142746	11	0.213923444185624	formalin_315a	0.00958303737321361	Arc-well-formalin-315A
Arc_well_315A_formalin_r60c15_yes_C2_ManualUseMultipleCells_S4336_R1_001	151046	121132	0.2	9	0.983	121132	9	0.198045628484038	formalin_315a	0.00817674314132892	Arc-well-formalin-315A
Arc_well_315A_formalin_r31c14_yes_D2_Good_S2247_R1_001	767870	599763	0.22	46	1	599763	46	0.218926380767578	formalin_315a	0.00357401644855855	Arc-well-formalin-315A
Arc_well_315A_formalin_r68c8_yes_D1_Good_S4905_R1_001	1437016	1067206	0.26	82	1	1067206	82	0.257345777639219	formalin_315a	0.00258141267468306	Arc-well-formalin-315A
Arc_well_315A_formalin_r6c29_yes_A2_Good_S462_R1_001	165205	129034	0.22	10	0.985	129034	10	0.218946157803941	formalin_315a	0.0145725115177446	Arc-well-formalin-315A
Arc_well_315A_formalin_r38c9_yes_A2_Good_S2746_R1_001	470604	369896	0.21	28	1	369896	28	0.213997331089408	formalin_315a	0.00389106635468275	Arc-well-formalin-315A
Arc_well_315A_formalin_r13c21_yes_B1_Good_S958_R1_001	420170	335451	0.2	23	0.808	335451	23	0.201630292500655	formalin_315a	0.0188662273039911	Arc-well-formalin-315A
Arc_well_315A_formalin_r45c5_yes_B1_Good_S3246_R1_001	322952	254487	0.21	19	0.888	254487	19	0.211997448537244	formalin_315a	0.00441085803221628	Arc-well-formalin-315A
Arc_well_315A_formalin_r25c6_yes_C1_ManualUseMultipleCells_S1807_R1_001	362778	290076	0.2	21	1	290076	21	0.200403552585879	formalin_315a	0.00749340255021456	Arc-well-formalin-315A
Arc_well_315A_formalin_r59c33_yes_C2_Good_S4282_R1_001	561465	441716	0.21	30	0.843	441716	30	0.213279545474785	formalin_315a	0.0161724453577686	Arc-well-formalin-315A
Arc_well_315A_formalin_r40c61_yes_A1_Good_S2942_R1_001	679930	525784	0.23	38	0.963	525784	38	0.226708631770918	formalin_315a	0.0084987617724057	Arc-well-formalin-315A
Arc_well_315A_formalin_r58c44_yes_C1_ManualUseCluster_S4221_R1_001	721278	549035	0.24	39	1	549035	39	0.238802514425783	formalin_315a	0.0115183827182684	Arc-well-formalin-315A
Arc_well_315A_formalin_r33c20_yes_D1_Good_S2397_R1_001	590185	460395	0.22	35	1	460395	35	0.219914094733007	formalin_315a	0.00468974539984173	Arc-well-formalin-315A
Arc_well_315A_formalin_r59c63_yes_C2_Good_S4312_R1_001	867404	674738	0.22	48	0.893	674738	48	0.222117951957796	formalin_315a	0.00879199392530094	Arc-well-formalin-315A
Arc_well_315A_formalin_r6c3_yes_A1_Good_S436_R1_001	608197	474309	0.22	36	1	474309	36	0.220139198318966	formalin_315a	0.00410092645233357	Arc-well-formalin-315A
Arc_well_315A_formalin_r41c34_yes_A2_ManualUseMultipleCells_S2987_R1_001	1281146	966380	0.25	74	1	966380	74	0.245690967305834	formalin_315a	0.00443567748849289	Arc-well-formalin-315A
Arc_well_315A_formalin_r21c13_yes_C2_Good_S1526_R1_001	927408	696484	0.25	50	0.932	696484	50	0.24899936166175	formalin_315a	0.0109207224012633	Arc-well-formalin-315A
Arc_well_315A_formalin_r20c32_yes_C2_ManualUseCluster_S1473_R1_001	256696	209936	0.18	16	1	209936	16	0.182160999781843	formalin_315a	0.00592092833153751	Arc-well-formalin-315A
Arc_well_315A_formalin_r21c65_yes_C2_ManualUseMultipleCells_S1578_R1_001	403705	313882	0.22	23	1	313882	23	0.222496625010837	formalin_315a	0.00792266790203811	Arc-well-formalin-315A
Arc_well_315A_formalin_r60c12_yes_C2_Good_S4333_R1_001	249089	204941	0.18	14	0.909	204941	14	0.177237854742682	formalin_315a	0.0147880601445164	Arc-well-formalin-315A
Arc_well_315A_formalin_r61c18_yes_C1_ManualUseCluster_S4411_R1_001	125625	102939	0.18	8	0.985	102939	8	0.180585074626866	formalin_315a	0.0195429138191673	Arc-well-formalin-315A
Arc_well_315A_formalin_r21c5_yes_C1_Good_S1518_R1_001	195443	154216	0.21	11	0.912	154216	11	0.210941297462687	formalin_315a	0.0243356218623415	Arc-well-formalin-315A
Arc_well_315A_formalin_r38c13_yes_A2_Good_S2750_R1_001	236955	186371	0.21	13	0.947	186371	13	0.213475132409107	formalin_315a	0.0138387701713013	Arc-well-formalin-315A
Arc_well_315A_formalin_r3c35_yes_A2_Good_S252_R1_001	848733	665629	0.22	51	0.994	665629	51	0.215738047183272	formalin_315a	0.0039484597008453	Arc-well-formalin-315A
Arc_well_315A_formalin_r57c70_yes_C2_Good_S4175_R1_001	248126	197141	0.21	15	1	197141	15	0.205480280180231	formalin_315a	0.0053370731634165	Arc-well-formalin-315A
Arc_well_315A_formalin_r32c41_yes_D1_Good_S2346_R1_001	119382	102836	0.14	8	0.92	102836	8	0.138597108441809	formalin_315a	0.0164090830048647	Arc-well-formalin-315A
Arc_well_315A_formalin_r22c22_yes_C1_Good_S1607_R1_001	197875	158094	0.2	12	1	158094	12	0.201041061276058	formalin_315a	0.00878996854540543	Arc-well-formalin-315A
Arc_well_MDA231_fixed_r37c54_yes_A1_Good_S2719_R1_001	917468	810514	0.12	60	0.924	810514	60	0.116575183003658	formalin_mda231	0.0101903203331195	Arc-well-formalin-MDAMB231
Arc_well_MDA231_fixed_r51c48_yes_B2_Good_S3721_R1_001	916780	804834	0.12	61	0.946	804834	61	0.122107812125046	formalin_mda231	0.00313322711845892	Arc-well-formalin-MDAMB231
Arc_well_MDA231_fixed_r32c67_yes_D2_Good_S2372_R1_001	247131	231704	0.06	17	0.987	231704	17	0.0624243822102448	formalin_mda231	0.00278874932501257	Arc-well-formalin-MDAMB231
Arc_well_MDA231_fixed_r0c35_yes_A2_Good_S36_R1_001	503483	455731	0.09	34	0.973	455731	34	0.0948433214229676	formalin_mda231	0.00418922736746321	Arc-well-formalin-MDAMB231
Arc_well_MDA231_fixed_r71c59_yes_D1_Good_S5172_R1_001	574142	512334	0.11	38	0.959	512334	38	0.107652810628729	formalin_mda231	0.00528135875288545	Arc-well-formalin-MDAMB231
Arc_well_MDA231_fixed_r52c19_yes_B1_Good_S3764_R1_001	1377509	1211795	0.12	90	0.953	1211795	90	0.120299758477077	formalin_mda231	0.00538330677447544	Arc-well-formalin-MDAMB231
Arc_well_MDA231_fixed_r44c24_yes_A1_Good_S3193_R1_001	586744	512443	0.13	38	0.836	512443	38	0.126632739320726	formalin_mda231	0.0208406599296955	Arc-well-formalin-MDAMB231
Arc_well_MDA231_fixed_r62c58_yes_C1_Good_S4523_R1_001	1218640	1107931	0.09	84	0.853	1107931	84	0.0908463533118887	formalin_mda231	0.00956112514739882	Arc-well-formalin-MDAMB231
Arc_well_MDA231_fixed_r22c30_yes_C2_Good_S1615_R1_001	1285224	1135323	0.12	85	0.889	1135323	85	0.116634143153256	formalin_mda231	0.00864411234686193	Arc-well-formalin-MDAMB231
Arc_well_MDA231_fixed_r40c21_yes_A1_Good_S2902_R1_001	1188708	1065406	0.1	78	0.966	1065406	78	0.103727744744714	formalin_mda231	0.00238218742326067	Arc-well-formalin-MDAMB231
Arc_well_MDA231_fixed_r64c23_yes_D1_Good_S4632_R1_001	644235	550090	0.15	41	0.814	550090	41	0.146134562698394	formalin_mda231	0.0262240393301376	Arc-well-formalin-MDAMB231
Arc_well_MDA231_fixed_r9c20_yes_B1_Good_S669_R1_001	648461	572215	0.12	42	0.857	572215	42	0.117579931561035	formalin_mda231	0.00778203460292928	Arc-well-formalin-MDAMB231
Arc_well_MDA231_fixed_r20c51_yes_C2_Good_S1492_R1_001	1241153	1083262	0.13	76	0.831	1083262	76	0.127213163888739	formalin_mda231	0.0125009729692415	Arc-well-formalin-MDAMB231
Arc_well_MDA231_fixed_r58c56_yes_C1_Good_S4233_R1_001	974443	855304	0.12	66	0.955	855304	66	0.122263693207299	formalin_mda231	0.00326775049864227	Arc-well-formalin-MDAMB231
Arc_well_MDA231_fixed_r49c16_yes_B2_Good_S3545_R1_001	1028951	923640	0.1	69	0.858	923640	69	0.102347925217041	formalin_mda231	0.0088838912522632	Arc-well-formalin-MDAMB231
Arc_well_MDA231_fixed_r41c18_yes_A1_Good_S2971_R1_001	512406	455697	0.11	32	0.855	455697	32	0.110672006182597	formalin_mda231	0.0119890712759052	Arc-well-formalin-MDAMB231
Arc_well_MDA231_fixed_r55c19_yes_C1_Good_S3980_R1_001	972682	854539	0.12	64	0.958	854539	64	0.121461073608846	formalin_mda231	0.00756757911357674	Arc-well-formalin-MDAMB231
Arc_well_MDA231_fixed_r7c9_yes_A2_Good_S514_R1_001	325535	290109	0.11	22	0.887	290109	22	0.108823935982306	formalin_mda231	0.0104946770491529	Arc-well-formalin-MDAMB231
Arc_well_MDA231_fixed_r52c22_yes_B1_Good_S3767_R1_001	1178116	1043092	0.11	79	0.978	1043092	79	0.114610106305321	formalin_mda231	0.00229202354829193	Arc-well-formalin-MDAMB231
Arc_well_MDA231_fixed_r53c19_yes_B1_Good_S3836_R1_001	1139537	1008655	0.11	76	0.966	1008655	76	0.11485541935014	formalin_mda231	0.00353647304230921	Arc-well-formalin-MDAMB231
Arc_well_MDA231_fixed_r28c69_yes_D2_Good_S2086_R1_001	435448	387614	0.11	29	0.948	387614	29	0.109850085429259	formalin_mda231	0.00564319055841976	Arc-well-formalin-MDAMB231
Arc_well_MDA231_fixed_r52c48_yes_B2_Good_S3793_R1_001	586564	529048	0.1	39	0.921	529048	39	0.0980557961279588	formalin_mda231	0.00603381348858574	Arc-well-formalin-MDAMB231
Arc_well_MDA231_fixed_r43c9_yes_A2_Good_S3106_R1_001	1214607	1085506	0.11	83	0.932	1085506	83	0.106290347412785	formalin_mda231	0.00485157680808006	Arc-well-formalin-MDAMB231
Arc_well_MDA231_fixed_r0c19_yes_A1_Good_S20_R1_001	818283	717309	0.12	55	0.98	717309	55	0.123397406520727	formalin_mda231	0.00409353999852946	Arc-well-formalin-MDAMB231
Arc_well_MDA231_fixed_r4c17_yes_A2_Good_S306_R1_001	971815	835823	0.14	62	0.947	835823	62	0.139936098948874	formalin_mda231	0.00578158217328188	Arc-well-formalin-MDAMB231
Arc_well_MDA231_fixed_r59c15_yes_C2_Good_S4264_R1_001	1026138	891781	0.13	69	0.986	891781	69	0.130934630624731	formalin_mda231	0.00331330851822711	Arc-well-formalin-MDAMB231
Arc_well_MDA231_fixed_r62c5_yes_C1_Good_S4470_R1_001	1041154	913043	0.12	70	0.957	913043	70	0.123047118870023	formalin_mda231	0.00330166936685545	Arc-well-formalin-MDAMB231
Arc_well_MDA231_fixed_r11c25_yes_B1_Good_S818_R1_001	942687	834697	0.11	63	0.928	834697	63	0.114555520549239	formalin_mda231	0.00451055705724466	Arc-well-formalin-MDAMB231
Arc_well_MDA231_fixed_r45c55_yes_B1_Good_S3296_R1_001	904966	806306	0.11	61	0.933	806306	61	0.109020670389827	formalin_mda231	0.00443918043963048	Arc-well-formalin-MDAMB231
Arc_well_MDA231_fixed_r56c21_yes_C1_Good_S4054_R1_001	1089670	957548	0.12	73	0.978	957548	73	0.121249552616847	formalin_mda231	0.0033992932214785	Arc-well-formalin-MDAMB231
Arc_well_MDA231_fixed_r45c11_yes_B2_Good_S3252_R1_001	1004639	879914	0.12	66	0.903	879914	66	0.124149072452891	formalin_mda231	0.00382931450583368	Arc-well-formalin-MDAMB231
Arc_well_MDA231_fixed_r53c62_yes_B1_Good_S3879_R1_001	670856	591948	0.12	44	0.868	591948	44	0.117622857960576	formalin_mda231	0.00858808556825014	Arc-well-formalin-MDAMB231
Arc_well_MDA231_fixed_r37c35_yes_A2_Good_S2700_R1_001	947450	838180	0.12	64	0.947	838180	64	0.115330624307351	formalin_mda231	0.00342153884542404	Arc-well-formalin-MDAMB231
Arc_well_MDA231_fixed_r3c21_yes_A1_Good_S238_R1_001	763799	679096	0.11	52	0.972	679096	52	0.110896976822436	formalin_mda231	0.00482496922636763	Arc-well-formalin-MDAMB231
Arc_well_MDA231_fixed_r27c19_yes_D1_Good_S1964_R1_001	834522	738276	0.12	56	0.919	738276	56	0.115330692300503	formalin_mda231	0.00422766083377968	Arc-well-formalin-MDAMB231
Arc_well_MDA231_fixed_r41c61_yes_A1_Good_S3014_R1_001	519438	466971	0.1	35	0.899	466971	35	0.101007242442794	formalin_mda231	0.00788517637187882	Arc-well-formalin-MDAMB231
Arc_well_MDA231_fixed_r14c43_yes_B1_Good_S1052_R1_001	874178	768537	0.12	58	0.976	768537	58	0.120846097705502	formalin_mda231	0.00369930660152159	Arc-well-formalin-MDAMB231
Arc_well_MDA231_fixed_r50c45_yes_B2_Good_S3646_R1_001	917909	816489	0.11	61	0.963	816489	61	0.110490255569997	formalin_mda231	0.00403044480634883	Arc-well-formalin-MDAMB231
Arc_well_MDA231_fixed_r26c58_yes_C1_Good_S1931_R1_001	530806	474091	0.11	35	0.939	474091	35	0.106846945965193	formalin_mda231	0.00966671490999052	Arc-well-formalin-MDAMB231
Arc_well_MDA231_fixed_r27c46_yes_D2_Good_S1991_R1_001	1123028	977053	0.13	73	0.931	977053	73	0.129983402016691	formalin_mda231	0.00617508223611264	Arc-well-formalin-MDAMB231
Arc_well_MDA231_fixed_r43c59_yes_A1_Good_S3156_R1_001	362730	333670	0.08	25	0.98	333670	25	0.0801146858544923	formalin_mda231	0.00494557969655071	Arc-well-formalin-MDAMB231
Arc_well_MDA231_fixed_r69c0_yes_D1_Good_S4969_R1_001	847944	756384	0.11	56	0.943	756384	56	0.107978828790581	formalin_mda231	0.0102890247998264	Arc-well-formalin-MDAMB231
Arc_well_MDA231_fixed_r4c44_yes_A1_Good_S333_R1_001	917057	808751	0.12	61	0.858	808751	61	0.118101710144517	formalin_mda231	0.00595750559241905	Arc-well-formalin-MDAMB231
Arc_well_MDA231_fixed_r7c27_yes_A2_Good_S532_R1_001	1292295	1110944	0.14	85	0.984	1110944	85	0.140332509218096	formalin_mda231	0.00294739271836522	Arc-well-formalin-MDAMB231
Arc_well_MDA231_fixed_r8c46_yes_A2_Good_S623_R1_001	1286137	1127550	0.12	84	0.986	1127550	84	0.123304904531943	formalin_mda231	0.00281015614813408	Arc-well-formalin-MDAMB231
Arc_well_MDA231_fixed_r36c65_yes_A2_Good_S2658_R1_001	878270	765225	0.13	57	0.931	765225	57	0.128713265852187	formalin_mda231	0.00766660166054109	Arc-well-formalin-MDAMB231
Arc_well_MDA231_fixed_r22c10_yes_C2_Good_S1595_R1_001	800834	678252	0.15	48	0.801	678252	48	0.153067926686429	formalin_mda231	0.00651966950442593	Arc-well-formalin-MDAMB231
Arc_well_MDA231_fixed_r43c22_yes_A1_Good_S3119_R1_001	1287131	1129039	0.12	85	0.991	1129039	85	0.12282510482616	formalin_mda231	0.00228031377897165	Arc-well-formalin-MDAMB231
Arc_well_MDA231_fixed_r19c10_yes_C2_Good_S1379_R1_001	578026	504484	0.13	38	0.898	504484	38	0.127229570988156	formalin_mda231	0.0117220585412499	Arc-well-formalin-MDAMB231
Arc_well_MDA231_fixed_r71c41_yes_D1_Good_S5154_R1_001	795298	705124	0.11	53	0.892	705124	53	0.113383913954266	formalin_mda231	0.00778742782173343	Arc-well-formalin-MDAMB231
Arc_well_MDA231_fixed_r65c4_yes_D1_Good_S4685_R1_001	1057813	939920	0.11	72	0.967	939920	72	0.111449755297014	formalin_mda231	0.00313753993241331	Arc-well-formalin-MDAMB231
Arc_well_MDA231_fixed_r0c29_yes_A2_Good_S30_R1_001	751888	668892	0.11	46	0.832	668892	46	0.110383461366587	formalin_mda231	0.0100913597682753	Arc-well-formalin-MDAMB231
Arc_well_MDA231_fixed_r6c4_yes_A1_Good_S437_R1_001	708697	625012	0.12	47	0.942	625012	47	0.118082904259507	formalin_mda231	0.0056497799617467	Arc-well-formalin-MDAMB231
Arc_well_MDA231_fixed_r45c33_yes_B2_Good_S3274_R1_001	1002799	884522	0.12	66	0.982	884522	66	0.117946866720051	formalin_mda231	0.00334120145248268	Arc-well-formalin-MDAMB231
Arc_well_MDA231_fixed_r41c34_yes_A2_Good_S2987_R1_001	1105846	963740	0.13	75	0.989	963740	75	0.128504330621081	formalin_mda231	0.00240065267314687	Arc-well-formalin-MDAMB231
Arc_well_MDA231_fixed_r62c16_yes_C2_Good_S4481_R1_001	1228867	1091024	0.11	82	0.843	1091024	82	0.112170804489013	formalin_mda231	0.00752193542829425	Arc-well-formalin-MDAMB231
Arc_well_MDA231_fixed_r43c39_yes_A1_Good_S3136_R1_001	671799	598796	0.11	45	0.977	598796	45	0.108667920017743	formalin_mda231	0.00299486127488057	Arc-well-formalin-MDAMB231
Arc_well_MDA231_fixed_r31c66_yes_D2_Good_S2299_R1_001	1260640	1096996	0.13	84	0.986	1096996	84	0.129810255108516	formalin_mda231	0.00301705873433204	Arc-well-formalin-MDAMB231
Arc_well_MDA231_fixed_r39c52_yes_A2_Good_S2861_R1_001	1360145	1186633	0.13	89	0.977	1186633	89	0.127568751861015	formalin_mda231	0.00284136652715326	Arc-well-formalin-MDAMB231
Arc_well_MDA231_fixed_r7c30_yes_A2_Good_S535_R1_001	1271388	1092435	0.14	81	0.984	1092435	81	0.140754042039094	formalin_mda231	0.00331893263293439	Arc-well-formalin-MDAMB231
Arc_well_MDA231_fixed_r52c61_yes_B1_Good_S3806_R1_001	440478	399712	0.09	30	0.984	399712	30	0.0925494576346605	formalin_mda231	0.00437787339779741	Arc-well-formalin-MDAMB231
Arc_well_MDA231_fixed_r56c63_yes_C2_Good_S4096_R1_001	1061253	948760	0.11	72	0.976	948760	72	0.106000171495393	formalin_mda231	0.00365861832496419	Arc-well-formalin-MDAMB231
Arc_well_MDA231_fixed_r44c8_yes_A1_Good_S3177_R1_001	928146	825500	0.11	61	0.919	825500	61	0.110592514539738	formalin_mda231	0.00603792263464839	Arc-well-formalin-MDAMB231
Arc_well_MDA231_fixed_r26c15_yes_C2_Good_S1888_R1_001	1126169	974317	0.13	73	0.874	974317	73	0.134839442392749	formalin_mda231	0.00535573887682104	Arc-well-formalin-MDAMB231
Arc_well_MDA231_fixed_r64c31_yes_D2_Good_S4640_R1_001	421723	375698	0.11	28	0.983	375698	28	0.109135617455059	formalin_mda231	0.00253794360245664	Arc-well-formalin-MDAMB231
Arc_well_MDA231_fixed_r34c54_yes_D1_Good_S2503_R1_001	516752	455112	0.12	34	0.958	455112	34	0.119283524785584	formalin_mda231	0.00445326425165413	Arc-well-formalin-MDAMB231
Arc_well_MDA231_fixed_r12c65_yes_B2_Good_S930_R1_001	680602	594038	0.13	45	0.933	594038	45	0.1271874017414	formalin_mda231	0.00820452443658504	Arc-well-formalin-MDAMB231
Arc_well_MDA231_fixed_r10c34_yes_B2_Good_S755_R1_001	853098	746068	0.13	57	0.952	746068	57	0.125460380870662	formalin_mda231	0.00675753457965636	Arc-well-formalin-MDAMB231
Arc_well_MDA231_fixed_r18c12_yes_C2_Good_S1309_R1_001	1164036	1033531	0.11	78	0.883	1033531	78	0.112114230144085	formalin_mda231	0.00855958779444985	Arc-well-formalin-MDAMB231
Arc_well_MDA231_fixed_r7c44_yes_A1_Good_S549_R1_001	743355	656225	0.12	50	0.892	656225	50	0.117211830148449	formalin_mda231	0.00538377611319717	Arc-well-formalin-MDAMB231
Arc_well_MDA231_fixed_r56c50_yes_C2_Good_S4083_R1_001	1063897	919358	0.14	70	0.945	919358	70	0.135858076486728	formalin_mda231	0.0041796061460274	Arc-well-formalin-MDAMB231
Arc_well_MDA231_fixed_r9c45_yes_B2_Good_S694_R1_001	765366	678357	0.11	50	0.923	678357	50	0.113682865452607	formalin_mda231	0.00280486731496528	Arc-well-formalin-MDAMB231
Arc_well_MDA231_fixed_r39c28_yes_A2_Good_S2837_R1_001	857827	745604	0.13	53	0.901	745604	53	0.130822415242234	formalin_mda231	0.00769979128649089	Arc-well-formalin-MDAMB231
Arc_well_MDA231_fixed_r16c50_yes_B2_Good_S1203_R1_001	1038338	918518	0.12	70	0.9	918518	70	0.115395950066356	formalin_mda231	0.00552475561863659	Arc-well-formalin-MDAMB231
Arc_well_MDA231_fixed_r3c27_yes_A2_Good_S244_R1_001	892822	784712	0.12	58	0.985	784712	58	0.121087966022343	formalin_mda231	0.00311892380154816	Arc-well-formalin-MDAMB231
Arc_well_MDA231_fixed_r70c2_yes_D1_Good_S5043_R1_001	612877	535181	0.13	41	0.862	535181	41	0.126772582426816	formalin_mda231	0.0097269162126526	Arc-well-formalin-MDAMB231
Arc_well_MDA231_fixed_r40c43_yes_A1_Good_S2924_R1_001	814899	735154	0.1	54	0.854	735154	54	0.0978587530479237	formalin_mda231	0.0115994922742276	Arc-well-formalin-MDAMB231
Arc_well_MDA231_fixed_r61c26_yes_C1_Good_S4419_R1_001	740138	664622	0.1	51	0.906	664622	51	0.102029621503017	formalin_mda231	0.0052337941697459	Arc-well-formalin-MDAMB231
Arc_well_MDA231_fixed_r0c4_yes_A1_Good_S5_R1_001	575993	514094	0.11	39	0.908	514094	39	0.107464847663079	formalin_mda231	0.00432886127679516	Arc-well-formalin-MDAMB231
Arc_well_MDA231_fixed_r52c63_yes_B2_Good_S3808_R1_001	904284	815465	0.1	62	0.877	815465	62	0.0982202493906782	formalin_mda231	0.00892380689908843	Arc-well-formalin-MDAMB231
R35C13_yes_Arc_well_315A_nofix_Good_W_D2_S2534_R1_001	756526	618557	0.18	43	0.825	618557	43	0.182371788940499	fresh_315a	0.0135917492679694	Arc-well-fresh-315A
R30C29_yes_Arc_well_315A_nofix_Good_W_D2_S2190_R1_001	354039	292574	0.17	22	1	292574	22	0.173610816887405	fresh_315a	0.00333367300538163	Arc-well-fresh-315A
R7C63_yes_Arc_well_315A_nofix_Good_W_A2_S568_R1_001	277398	238586	0.14	18	1	238586	18	0.139914491092221	fresh_315a	0.0118368899321265	Arc-well-fresh-315A
R25C26_yes_Arc_well_315A_nofix_ManualUseMultipleCells_W_C1_S1827_R1_001	502069	417400	0.17	32	0.975	417400	32	0.168640166989	fresh_315a	0.00350275900841165	Arc-well-fresh-315A
R38C58_yes_Arc_well_315A_nofix_Good_W_A1_S2795_R1_001	603033	506246	0.16	39	1	506246	39	0.160500337460802	fresh_315a	0.00247275165233599	Arc-well-fresh-315A
R6C6_yes_Arc_well_315A_nofix_Good_W_A1_S439_R1_001	494074	409612	0.17	31	1	409612	31	0.170950100592219	fresh_315a	0.00254390413990396	Arc-well-fresh-315A
R48C15_yes_Arc_well_315A_nofix_Good_W_B2_S3472_R1_001	648945	525671	0.19	37	0.8	525671	37	0.189960628404564	fresh_315a	0.0195930271219241	Arc-well-fresh-315A
R20C27_yes_Arc_well_315A_nofix_Good_W_C2_S1468_R1_001	463001	388297	0.16	30	0.836	388297	30	0.161347383698955	fresh_315a	0.00408868310779495	Arc-well-fresh-315A
R56C65_yes_Arc_well_315A_nofix_Good_W_C2_S4098_R1_001	562928	452886	0.2	34	1	452886	34	0.195481482534178	fresh_315a	0.0111711724853096	Arc-well-fresh-315A
R60C14_yes_Arc_well_315A_nofix_ManualUseMultipleCells_W_C2_S4335_R1_001	590670	512149	0.13	39	1	512149	39	0.132935480048081	fresh_315a	0.00220223242261822	Arc-well-fresh-315A
R20C42_yes_Arc_well_315A_nofix_Good_W_C1_S1483_R1_001	156271	132737	0.15	10	0.967	132737	10	0.150597359714854	fresh_315a	0.00940792691170017	Arc-well-fresh-315A
R60C9_yes_Arc_well_315A_nofix_Good_W_C2_S4330_R1_001	200516	179975	0.1	14	0.986	179975	14	0.102440702986295	fresh_315a	0.00676961483210262	Arc-well-fresh-315A
R57C4_yes_Arc_well_315A_nofix_Good_W_C1_S4109_R1_001	503799	426956	0.15	33	1	426956	33	0.15252709910103	fresh_315a	0.00393599161732731	Arc-well-fresh-315A
R4C4_yes_Arc_well_315A_nofix_Good_W_A1_S293_R1_001	639384	523827	0.18	40	1	523827	40	0.18073176682557	fresh_315a	0.00231671253820822	Arc-well-fresh-315A
R35C64_yes_Arc_well_315A_nofix_Good_W_D2_S2585_R1_001	604326	508823	0.16	39	1	508823	39	0.158032254114501	fresh_315a	0.00321299530815202	Arc-well-fresh-315A
R8C38_yes_Arc_well_315A_nofix_Good_W_A1_S615_R1_001	394473	324340	0.18	25	1	324340	25	0.177789100901709	fresh_315a	0.00325024097291865	Arc-well-fresh-315A
R20C37_yes_Arc_well_315A_nofix_Good_W_C1_S1478_R1_001	148825	124816	0.16	9	0.987	124816	9	0.161323702334957	fresh_315a	0.00108533924030719	Arc-well-fresh-315A
R10C67_yes_Arc_well_315A_nofix_Good_W_B2_S788_R1_001	675494	550600	0.18	39	0.906	550600	39	0.184892833985202	fresh_315a	0.0188245876514475	Arc-well-fresh-315A
R19C68_yes_Arc_well_315A_nofix_Good_W_C2_S1437_R1_001	448078	375769	0.16	29	1	375769	29	0.161375921156584	fresh_315a	0.0032479954471581	Arc-well-fresh-315A
R43C71_yes_Arc_well_315A_nofix_Good_W_A2_S3168_R1_001	542307	454243	0.16	35	0.99	454243	35	0.162387725033975	fresh_315a	0.00846576994274176	Arc-well-fresh-315A
R55C44_yes_Arc_well_315A_nofix_Good_W_C1_S4005_R1_001	1055539	870812	0.18	67	1	870812	67	0.175007271166674	fresh_315a	0.00225505817121406	Arc-well-fresh-315A
R3C38_yes_Arc_well_315A_nofix_Good_W_A1_S255_R1_001	646945	541212	0.16	42	1	541212	42	0.163434295032808	fresh_315a	0.00320130458646096	Arc-well-fresh-315A
R43C28_yes_Arc_well_315A_nofix_Good_W_A2_S3125_R1_001	121702	107163	0.12	8	0.975	107163	8	0.119463936500633	fresh_315a	0.0128860535631154	Arc-well-fresh-315A
R54C0_yes_Arc_well_315A_nofix_ManualUseMultipleCells_W_C1_S3889_R1_001	1035667	896206	0.13	69	1	896206	69	0.134658147840957	fresh_315a	0.00267007921244469	Arc-well-fresh-315A
R14C51_yes_Arc_well_315A_nofix_Good_W_B2_S1060_R1_001	900774	748380	0.17	57	1	748380	57	0.169181170859727	fresh_315a	0.00465285050429638	Arc-well-fresh-315A
R59C52_yes_Arc_well_315A_nofix_ManualUseMultipleCells_W_C2_S4301_R1_001	612841	511001	0.17	39	1	511001	39	0.166176871325515	fresh_315a	0.00284052469941415	Arc-well-fresh-315A
R4C15_yes_Arc_well_315A_nofix_Good_W_A2_S304_R1_001	396491	329158	0.17	25	1	329158	25	0.169822265826967	fresh_315a	0.00587338069624864	Arc-well-fresh-315A
R35C16_yes_Arc_well_315A_nofix_Good_W_D2_S2537_R1_001	796499	651104	0.18	50	1	651104	50	0.182542602062275	fresh_315a	0.00441084220365479	Arc-well-fresh-315A
R14C59_yes_Arc_well_315A_nofix_Good_W_B1_S1068_R1_001	429294	368308	0.14	28	1	368308	28	0.142061151565128	fresh_315a	0.00549306069071935	Arc-well-fresh-315A
R38C50_yes_Arc_well_315A_nofix_Good_W_A2_S2787_R1_001	415510	349009	0.16	27	1	349009	27	0.160046689610358	fresh_315a	0.00437779596479768	Arc-well-fresh-315A
R45C62_yes_Arc_well_315A_nofix_ManualUseMultipleCells_W_B1_S3303_R1_001	1049926	879886	0.16	67	1	879886	67	0.161954271062913	fresh_315a	0.00387852427729927	Arc-well-fresh-315A
R57C31_yes_Arc_well_315A_nofix_ManualUseClusterLowConfidence_W_C2_S4136_R1_001	356303	301677	0.15	22	1	301677	22	0.153313331630663	fresh_315a	0.010781843469506	Arc-well-fresh-315A
R68C49_yes_Arc_well_315A_nofix_Good_W_D2_S4946_R1_001	389433	324282	0.17	24	0.952	324282	24	0.167297070356133	fresh_315a	0.0155688922720267	Arc-well-fresh-315A
R12C48_yes_Arc_well_315A_nofix_Good_W_B2_S913_R1_001	491390	410734	0.16	32	0.924	410734	32	0.164138464356214	fresh_315a	0.00709226391428011	Arc-well-fresh-315A
R8C4_yes_Arc_well_315A_nofix_ManualUseMultipleCells_W_A1_S581_R1_001	1105782	887138	0.2	68	0.893	887138	68	0.197727942759061	fresh_315a	0.00725777554180659	Arc-well-fresh-315A
R52C13_yes_Arc_well_315A_nofix_ManualUseMultipleCells_W_B2_S3758_R1_001	487110	427808	0.12	33	0.815	427808	33	0.121742522222907	fresh_315a	0.00429793002953185	Arc-well-fresh-315A
R59C65_yes_Arc_well_315A_nofix_Good_W_C2_S4314_R1_001	293910	241475	0.18	18	0.987	241475	18	0.178404953897452	fresh_315a	0.00403902924212153	Arc-well-fresh-315A
R62C12_yes_Arc_well_315A_nofix_Good_W_C2_S4477_R1_001	424194	354480	0.16	27	1	354480	27	0.164344615906873	fresh_315a	0.00209581046664228	Arc-well-fresh-315A
R66C8_yes_Arc_well_315A_nofix_Good_W_D1_S4761_R1_001	1145375	968551	0.15	75	0.988	968551	75	0.154380879624577	fresh_315a	0.00318430035008098	Arc-well-fresh-315A
R27C19_yes_Arc_well_315A_nofix_Good_W_D1_S1964_R1_001	466329	391772	0.16	32	0.862	391772	32	0.159880685095716	fresh_315a	0.0137844703111985	Arc-well-fresh-315A
R17C59_yes_Arc_well_315A_nofix_Good_W_B1_S1284_R1_001	503429	427374	0.15	33	0.999	427374	33	0.151073934954085	fresh_315a	0.00306306182565472	Arc-well-fresh-315A
R69C21_yes_Arc_well_315A_nofix_ManualUseClusterLowConfidence_W_D1_S4990_R1_001	508956	432967	0.15	33	0.998	432967	33	0.1493036726161	fresh_315a	0.00244169946353626	Arc-well-fresh-315A
R30C7_yes_Arc_well_315A_nofix_Good_W_D1_S2168_R1_001	369011	307106	0.17	23	1	307106	23	0.167759226689719	fresh_315a	0.00403507970479697	Arc-well-fresh-315A
R49C17_yes_Arc_well_315A_nofix_Good_W_B2_S3546_R1_001	434593	366862	0.16	27	1	366862	27	0.155849265864844	fresh_315a	0.0153425681691063	Arc-well-fresh-315A
R33C39_yes_Arc_well_315A_nofix_Good_W_D1_S2416_R1_001	507500	419082	0.17	32	1	419082	32	0.174222660098522	fresh_315a	0.00441637477770854	Arc-well-fresh-315A
R10C50_yes_Arc_well_315A_nofix_Good_W_B2_S771_R1_001	360160	300851	0.16	23	1	300851	23	0.164674033762772	fresh_315a	0.00927587714360162	Arc-well-fresh-315A
R46C62_yes_Arc_well_315A_nofix_ManualUseMultipleCells_W_B1_S3375_R1_001	636858	527725	0.17	41	0.969	527725	41	0.171361590809882	fresh_315a	0.00552466461045798	Arc-well-fresh-315A
R69C3_yes_Arc_well_315A_nofix_Good_W_D1_S4972_R1_001	847123	715527	0.16	48	0.8	715527	48	0.155344619376407	fresh_315a	0.0141387070290244	Arc-well-fresh-315A
R63C32_yes_Arc_well_315A_nofix_Good_W_D2_S4569_R1_001	249954	220052	0.12	17	1	220052	17	0.119630011922194	fresh_315a	0.00705221689682232	Arc-well-fresh-315A
R9C19_yes_Arc_well_315A_nofix_Good_W_B1_S668_R1_001	478603	395946	0.17	30	1	395946	30	0.172704726046431	fresh_315a	0.00318213899295629	Arc-well-fresh-315A
R41C34_yes_Arc_well_315A_nofix_Good_W_A2_S2987_R1_001	659258	558227	0.15	43	0.988	558227	43	0.153249562386805	fresh_315a	0.00331575042762198	Arc-well-fresh-315A
R5C39_yes_Arc_well_315A_nofix_Good_W_A1_S400_R1_001	351024	289812	0.17	22	1	289812	22	0.174381238889649	fresh_315a	0.00346274830752294	Arc-well-fresh-315A
R3C19_yes_Arc_well_315A_nofix_Good_W_A1_S236_R1_001	887142	747003	0.16	59	0.823	747003	59	0.157966819291613	fresh_315a	0.00564464999697388	Arc-well-fresh-315A
R46C58_yes_Arc_well_315A_nofix_Good_W_B1_S3371_R1_001	300641	247616	0.18	19	1	247616	19	0.176373149370844	fresh_315a	0.0059764969353947	Arc-well-fresh-315A
R2C66_yes_Arc_well_315A_nofix_ManualUseLowConfidence_W_A2_S211_R1_001	604192	509625	0.16	39	0.97	509625	39	0.156518126688205	fresh_315a	0.00648457049287568	Arc-well-fresh-315A
R8C5_yes_Arc_well_315A_nofix_Good_W_A1_S582_R1_001	548495	439940	0.2	32	0.986	439940	32	0.197914292746515	fresh_315a	0.00187050641981877	Arc-well-fresh-315A
R13C42_yes_Arc_well_315A_nofix_ManualUseMultipleCells_W_B1_S979_R1_001	1042700	892826	0.14	71	0.814	892826	71	0.143736453438189	fresh_315a	0.00826972376768382	Arc-well-fresh-315A
R5C66_yes_Arc_well_315A_nofix_Good_W_A2_S427_R1_001	812868	687871	0.15	53	0.991	687871	53	0.15377281428227	fresh_315a	0.00576947901413092	Arc-well-fresh-315A
R6C39_yes_Arc_well_315A_nofix_Good_W_A1_S472_R1_001	570598	467768	0.18	36	1	467768	36	0.180214441690998	fresh_315a	0.00271920830232275	Arc-well-fresh-315A
R10C26_yes_Arc_well_315A_nofix_Good_W_B1_S747_R1_001	666668	552007	0.17	42	1	552007	42	0.171991156017688	fresh_315a	0.00281527579940879	Arc-well-fresh-315A
R10C6_yes_Arc_well_315A_nofix_Good_W_B1_S727_R1_001	666667	543723	0.18	42	1	543723	42	0.184415907792046	fresh_315a	0.00347423089473759	Arc-well-fresh-315A
R28C71_yes_Arc_well_315A_nofix_Good_W_D2_S2088_R1_001	627758	508943	0.19	39	1	508943	39	0.189268794662911	fresh_315a	0.00525168957220516	Arc-well-fresh-315A
R13C53_yes_Arc_well_315A_nofix_Good_W_B2_S990_R1_001	494538	419022	0.15	33	0.881	419022	33	0.152700095847033	fresh_315a	0.0106403690989963	Arc-well-fresh-315A
R39C20_yes_Arc_well_315A_nofix_Good_W_A1_S2829_R1_001	931688	789018	0.15	61	1	789018	61	0.1531306617666	fresh_315a	0.00418523840437165	Arc-well-fresh-315A
R24C53_yes_Arc_well_315A_nofix_Good_W_C2_S1782_R1_001	426997	356499	0.17	27	1	356499	27	0.16510186254236	fresh_315a	0.00455877002253482	Arc-well-fresh-315A
R54C25_yes_Arc_well_315A_nofix_Good_W_C1_S3914_R1_001	625745	535425	0.14	39	0.907	535425	39	0.144339946783434	fresh_315a	0.0146251697800316	Arc-well-fresh-315A
R46C43_yes_Arc_well_315A_nofix_Good_W_B1_S3356_R1_001	339699	281817	0.17	20	0.845	281817	20	0.17039202352671	fresh_315a	0.0170538335680566	Arc-well-fresh-315A
R37C48_yes_Arc_well_315A_nofix_Good_W_A2_S2713_R1_001	649565	549881	0.15	42	0.91	549881	42	0.153462701962082	fresh_315a	0.00825845240269594	Arc-well-fresh-315A
R59C34_yes_Arc_well_315A_nofix_Good_W_C2_S4283_R1_001	574379	485270	0.16	34	0.849	485270	34	0.155139724815845	fresh_315a	0.0168634940164569	Arc-well-fresh-315A
R61C16_yes_Arc_well_315A_nofix_Good_W_C2_S4409_R1_001	222599	188261	0.15	14	0.881	188261	14	0.154259453097274	fresh_315a	0.00526813316525563	Arc-well-fresh-315A
R0C15_yes_Arc_well_315A_nofix_Good_W_A2_S16_R1_001	789380	653175	0.17	50	1	653175	50	0.172546808887988	fresh_315a	0.00158500718806114	Arc-well-fresh-315A
R45C71_yes_Arc_well_315A_nofix_ManualUseMultipleCells_W_B2_S3312_R1_001	875495	721434	0.18	55	1	721434	55	0.17597016544926	fresh_315a	0.00537758443089671	Arc-well-fresh-315A
R53C42_yes_Arc_well_315A_nofix_Good_W_B1_S3859_R1_001	832738	698267	0.16	57	0.818	698267	57	0.161480561713288	fresh_315a	0.0124856894712069	Arc-well-fresh-315A
R39C62_yes_Arc_well_315A_nofix_Good_W_A1_S2871_R1_001	399859	330351	0.17	25	1	330351	25	0.173831275524622	fresh_315a	0.00154396692879404	Arc-well-fresh-315A
R39C65_yes_Arc_well_315A_nofix_ManualUseClusterLowConfidence_W_A2_S2874_R1_001	512119	423495	0.17	30	1	423495	30	0.173053528574413	fresh_315a	0.0168345035417441	Arc-well-fresh-315A
R39C41_yes_Arc_well_315A_nofix_Good_W_A1_S2850_R1_001	792987	664018	0.16	51	1	664018	51	0.162636966305879	fresh_315a	0.00221113017703822	Arc-well-fresh-315A
R52C67_yes_Arc_well_315A_nofix_Good_W_B2_S3812_R1_001	668699	563899	0.16	46	0.866	563899	46	0.15672223227491	fresh_315a	0.0114398889423488	Arc-well-fresh-315A
R57C20_yes_Arc_well_315A_nofix_Good_W_C1_S4125_R1_001	395955	333739	0.16	26	0.855	333739	26	0.157128966675506	fresh_315a	0.00945295671821183	Arc-well-fresh-315A
R23C61_yes_Arc_well_315A_nofix_Good_W_C1_S1718_R1_001	637310	531013	0.17	41	1	531013	41	0.166790102148091	fresh_315a	0.00721906742581589	Arc-well-fresh-315A
R3C36_yes_Arc_well_315A_nofix_Good_W_A1_S253_R1_001	218472	185828	0.15	14	1	185828	14	0.14941960525834	fresh_315a	0.00287181624899613	Arc-well-fresh-315A
Arc_well_MDA231_p37_nonfix_r28c11_yes_D2_Good_S2028_R1_001	1183856	1043532	0.12	77	0.941	1043532	77	0.118531307861767	fresh_mda231	0.00333691533144312	Arc-well-fresh-MDAMB231
Arc_well_MDA231_p37_nonfix_r33c30_yes_D2_Good_S2407_R1_001	994106	891914	0.1	68	0.989	891914	68	0.102797890768188	fresh_mda231	0.00299465922809774	Arc-well-fresh-MDAMB231
Arc_well_MDA231_p37_nonfix_r45c63_yes_B2_Good_S3304_R1_001	771364	702065	0.09	52	0.882	702065	52	0.0898395569406921	fresh_mda231	0.0172864227120547	Arc-well-fresh-MDAMB231
Arc_well_MDA231_p37_nonfix_r66c30_yes_D2_Good_S4783_R1_001	1105451	988209	0.11	76	0.973	988209	76	0.106058070416509	fresh_mda231	0.00309551162916766	Arc-well-fresh-MDAMB231
Arc_well_MDA231_p37_nonfix_r22c63_yes_C2_Good_S1648_R1_001	625795	558637	0.11	42	0.874	558637	42	0.107316293674446	fresh_mda231	0.0167721913477655	Arc-well-fresh-MDAMB231
Arc_well_MDA231_p37_nonfix_r11c1_yes_B1_Good_S794_R1_001	1231595	1089885	0.12	81	0.983	1089885	81	0.115062175471644	fresh_mda231	0.00336451520132223	Arc-well-fresh-MDAMB231
Arc_well_MDA231_p37_nonfix_r61c5_yes_C1_Good_S4398_R1_001	520818	472555	0.09	35	0.985	472555	35	0.0926676881367387	fresh_mda231	0.00182475680087968	Arc-well-fresh-MDAMB231
Arc_well_MDA231_p37_nonfix_r58c48_yes_C2_Good_S4225_R1_001	739600	662234	0.1	50	0.93	662234	50	0.104605191995673	fresh_mda231	0.0122455250941665	Arc-well-fresh-MDAMB231
Arc_well_MDA231_p37_nonfix_r3c37_yes_A1_Good_S254_R1_001	948744	864832	0.09	63	0.841	864832	63	0.0884453551221404	fresh_mda231	0.0107848967775326	Arc-well-fresh-MDAMB231
Arc_well_MDA231_p37_nonfix_r22c4_yes_C1_Good_S1589_R1_001	380653	345454	0.09	26	0.975	345454	26	0.0924700448965331	fresh_mda231	0.00590011886009468	Arc-well-fresh-MDAMB231
Arc_well_MDA231_p37_nonfix_r38c14_yes_A2_Good_S2751_R1_001	675873	616599	0.09	47	0.964	616599	47	0.087699908118833	fresh_mda231	0.00232272419862884	Arc-well-fresh-MDAMB231
Arc_well_MDA231_p37_nonfix_r23c40_yes_C1_Good_S1697_R1_001	847594	759261	0.1	57	0.958	759261	57	0.104216169533999	fresh_mda231	0.0140121977811363	Arc-well-fresh-MDAMB231
Arc_well_MDA231_p37_nonfix_r42c17_yes_A2_Good_S3042_R1_001	765506	688613	0.1	52	0.991	688613	52	0.100447285847531	fresh_mda231	0.00333591051936382	Arc-well-fresh-MDAMB231
Arc_well_MDA231_p37_nonfix_r26c35_yes_C2_Good_S1908_R1_001	293314	270192	0.08	20	0.947	270192	20	0.0788301956265299	fresh_mda231	0.00976802507876469	Arc-well-fresh-MDAMB231
Arc_well_MDA231_p37_nonfix_r5c21_yes_A1_Good_S382_R1_001	827593	746113	0.1	57	0.981	746113	57	0.0984541918551752	fresh_mda231	0.00398964994530619	Arc-well-fresh-MDAMB231
Arc_well_MDA231_p37_nonfix_r29c8_yes_D1_Good_S2097_R1_001	1028860	926276	0.1	64	0.826	926276	64	0.0997064712400132	fresh_mda231	0.0111399500505977	Arc-well-fresh-MDAMB231
Arc_well_MDA231_p37_nonfix_r28c4_yes_D1_Good_S2021_R1_001	895603	800759	0.11	62	0.917	800759	62	0.105899600604286	fresh_mda231	0.0036254960887762	Arc-well-fresh-MDAMB231
Arc_well_MDA231_p37_nonfix_r8c38_yes_A1_Good_S615_R1_001	916493	814204	0.11	61	0.947	814204	61	0.111609144859808	fresh_mda231	0.00281479051067798	Arc-well-fresh-MDAMB231
Arc_well_MDA231_p37_nonfix_r11c30_yes_B2_Good_S823_R1_001	1003596	898071	0.11	69	0.854	898071	69	0.105146891777169	fresh_mda231	0.0159008832988979	Arc-well-fresh-MDAMB231
Arc_well_MDA231_p37_nonfix_r0c61_yes_A1_Good_S62_R1_001	380034	349064	0.08	26	0.987	349064	26	0.08149270854713	fresh_mda231	0.0050606461362772	Arc-well-fresh-MDAMB231
Arc_well_MDA231_p37_nonfix_r54c42_yes_C1_Good_S3931_R1_001	736719	672250	0.09	50	0.839	672250	50	0.087508262987652	fresh_mda231	0.0224227613932374	Arc-well-fresh-MDAMB231
Arc_well_MDA231_p37_nonfix_r42c50_yes_A2_Good_S3075_R1_001	744935	672510	0.1	51	0.851	672510	51	0.0972232476659037	fresh_mda231	0.0276528342256072	Arc-well-fresh-MDAMB231
Arc_well_MDA231_p37_nonfix_r66c21_yes_D1_Good_S4774_R1_001	1182448	1062650	0.1	80	0.978	1062650	80	0.101313546134798	fresh_mda231	0.0053673778404898	Arc-well-fresh-MDAMB231
Arc_well_MDA231_p37_nonfix_r25c21_yes_C1_Good_S1822_R1_001	921153	823228	0.11	61	0.951	823228	61	0.10630698700433	fresh_mda231	0.00519603290742223	Arc-well-fresh-MDAMB231
Arc_well_MDA231_p37_nonfix_r58c50_yes_C2_Good_S4227_R1_001	727856	654886	0.1	50	0.947	654886	50	0.100253346815854	fresh_mda231	0.0107479503690612	Arc-well-fresh-MDAMB231
Arc_well_MDA231_p37_nonfix_r27c45_yes_D2_Good_S1990_R1_001	824659	742120	0.1	57	0.967	742120	57	0.100088642699589	fresh_mda231	0.00711689656148484	Arc-well-fresh-MDAMB231
Arc_well_MDA231_p37_nonfix_r57c12_yes_C2_Good_S4117_R1_001	1068851	954564	0.11	73	0.993	954564	73	0.106925099943771	fresh_mda231	0.00246628984309685	Arc-well-fresh-MDAMB231
Arc_well_MDA231_p37_nonfix_r13c57_yes_B1_Good_S994_R1_001	298033	283484	0.05	21	0.841	283484	21	0.0488167417702067	fresh_mda231	0.0199160285119968	Arc-well-fresh-MDAMB231
Arc_well_MDA231_p37_nonfix_r25c56_yes_C1_Good_S1857_R1_001	677736	605520	0.11	47	0.879	605520	47	0.106554764687135	fresh_mda231	0.0135043432968089	Arc-well-fresh-MDAMB231
Arc_well_MDA231_p37_nonfix_r11c31_yes_B2_Good_S824_R1_001	234185	214525	0.08	16	0.958	214525	16	0.0839507227192177	fresh_mda231	0.00555369383596679	Arc-well-fresh-MDAMB231
Arc_well_MDA231_p37_nonfix_r65c31_yes_D2_Good_S4712_R1_001	558393	505295	0.1	38	0.936	505295	38	0.0950907335872763	fresh_mda231	0.0158612626052814	Arc-well-fresh-MDAMB231
Arc_well_MDA231_p37_nonfix_r47c18_yes_B1_Good_S3403_R1_001	991388	890227	0.1	66	0.99	890227	66	0.10203976646883	fresh_mda231	0.00427181696846946	Arc-well-fresh-MDAMB231
Arc_well_MDA231_p37_nonfix_r5c36_yes_A1_Good_S397_R1_001	644322	585462	0.09	45	0.958	585462	45	0.0913518396081462	fresh_mda231	0.00288823491655558	Arc-well-fresh-MDAMB231
Arc_well_MDA231_p37_nonfix_r7c28_yes_A2_Good_S533_R1_001	660765	598711	0.09	46	0.95	598711	46	0.0939123591594591	fresh_mda231	0.00369996770735222	Arc-well-fresh-MDAMB231
Arc_well_MDA231_p37_nonfix_r66c50_yes_D2_Good_S4803_R1_001	870454	781485	0.1	57	0.935	781485	57	0.102209881280343	fresh_mda231	0.00261073320869774	Arc-well-fresh-MDAMB231
Arc_well_MDA231_p37_nonfix_r58c40_yes_C1_Good_S4217_R1_001	774924	697451	0.1	50	0.851	697451	50	0.0999749652869185	fresh_mda231	0.0213268732716242	Arc-well-fresh-MDAMB231
Arc_well_MDA231_p37_nonfix_r60c12_yes_C2_Good_S4333_R1_001	1154622	1053260	0.09	80	0.887	1053260	80	0.0877880379899222	fresh_mda231	0.0073550774780388	Arc-well-fresh-MDAMB231
Arc_well_MDA231_p37_nonfix_r24c47_yes_C2_Good_S1776_R1_001	458165	417171	0.09	32	0.895	417171	32	0.0894743160215206	fresh_mda231	0.0124105218310483	Arc-well-fresh-MDAMB231
Arc_well_MDA231_p37_nonfix_r43c41_yes_A1_Good_S3138_R1_001	346306	324054	0.06	25	0.923	324054	25	0.0642553117762903	fresh_mda231	0.00931195500032361	Arc-well-fresh-MDAMB231
Arc_well_MDA231_p37_nonfix_r16c40_yes_B1_Good_S1193_R1_001	747251	686645	0.08	48	0.859	686645	48	0.0811052778785174	fresh_mda231	0.0183595712234591	Arc-well-fresh-MDAMB231
Arc_well_MDA231_p37_nonfix_r28c7_yes_D1_Good_S2024_R1_001	692425	624188	0.1	47	0.955	624188	47	0.0985478571686464	fresh_mda231	0.00564905079585418	Arc-well-fresh-MDAMB231
Arc_well_MDA231_p37_nonfix_r13c46_yes_B2_Good_S983_R1_001	383760	349882	0.09	26	0.945	349882	26	0.0882791327913279	fresh_mda231	0.00732899649735163	Arc-well-fresh-MDAMB231
Arc_well_MDA231_p37_nonfix_r24c27_yes_C2_Good_S1756_R1_001	828322	751803	0.09	57	0.901	751803	57	0.0923783263030561	fresh_mda231	0.00978575491630602	Arc-well-fresh-MDAMB231
Arc_well_MDA231_p37_nonfix_r21c22_yes_C1_Good_S1535_R1_001	872959	791552	0.09	60	0.814	791552	60	0.093254093262112	fresh_mda231	0.0101441856867344	Arc-well-fresh-MDAMB231
Arc_well_MDA231_p37_nonfix_r14c60_yes_B1_Good_S1069_R1_001	489787	444849	0.09	33	0.918	444849	33	0.0917500872828393	fresh_mda231	0.0184773098129049	Arc-well-fresh-MDAMB231
Arc_well_MDA231_p37_nonfix_r34c22_yes_D1_Good_S2471_R1_001	378796	346931	0.08	26	0.986	346931	26	0.0841217964286846	fresh_mda231	0.00387421550468145	Arc-well-fresh-MDAMB231
Arc_well_MDA231_p37_nonfix_r3c35_yes_A2_Good_S252_R1_001	684291	623463	0.09	47	0.954	623463	47	0.0888920064709312	fresh_mda231	0.00364913468149888	Arc-well-fresh-MDAMB231
Arc_well_MDA231_p37_nonfix_r57c31_yes_C2_Good_S4136_R1_001	402125	370462	0.08	28	0.847	370462	28	0.0787391980105688	fresh_mda231	0.0103544747745928	Arc-well-fresh-MDAMB231
Arc_well_MDA231_p37_nonfix_r67c38_yes_D1_Good_S4863_R1_001	721187	656609	0.09	47	0.859	656609	47	0.0895440433618465	fresh_mda231	0.0113615395896274	Arc-well-fresh-MDAMB231
Arc_well_MDA231_p37_nonfix_r46c55_yes_B1_Good_S3368_R1_001	584543	520534	0.11	39	0.964	520534	39	0.109502637102831	fresh_mda231	0.0238414126877307	Arc-well-fresh-MDAMB231
Arc_well_MDA231_p37_nonfix_r6c8_yes_A1_Good_S441_R1_001	1012818	909966	0.1	68	0.982	909966	68	0.101550327897016	fresh_mda231	0.00250521025452348	Arc-well-fresh-MDAMB231
Arc_well_MDA231_p37_nonfix_r66c6_yes_D1_Good_S4759_R1_001	852827	755361	0.11	56	0.846	755361	56	0.114285781289757	fresh_mda231	0.0167919831204629	Arc-well-fresh-MDAMB231
Arc_well_MDA231_p37_nonfix_r23c11_yes_C2_Good_S1668_R1_001	1436537	1286747	0.1	97	0.984	1286747	97	0.10427159203	fresh_mda231	0.00536136180072025	Arc-well-fresh-MDAMB231
Arc_well_MDA231_p37_nonfix_r32c1_yes_D1_Good_S2306_R1_001	111247	107014	0.04	8	0.932	107014	8	0.0380504642821829	fresh_mda231	0.00904543141880795	Arc-well-fresh-MDAMB231
Arc_well_MDA231_p37_nonfix_r32c14_yes_D2_Good_S2319_R1_001	238116	226888	0.05	17	0.946	226888	17	0.0471534882158276	fresh_mda231	0.00254305492176643	Arc-well-fresh-MDAMB231
Arc_well_MDA231_p37_nonfix_r71c4_yes_D1_Good_S5117_R1_001	923755	834279	0.1	60	0.845	834279	60	0.0968611807243263	fresh_mda231	0.0134673049629345	Arc-well-fresh-MDAMB231
Arc_well_MDA231_p37_nonfix_r70c70_yes_D2_Good_S5111_R1_001	246787	230044	0.07	17	0.884	230044	17	0.0678439301908123	fresh_mda231	0.0102052343696859	Arc-well-fresh-MDAMB231
Arc_well_MDA231_p37_nonfix_r6c26_yes_A1_Good_S459_R1_001	775127	700382	0.1	53	0.891	700382	53	0.0964293593178924	fresh_mda231	0.0029615385110597	Arc-well-fresh-MDAMB231
Arc_well_MDA231_p37_nonfix_r48c31_yes_B2_Good_S3488_R1_001	163790	150004	0.08	11	0.938	150004	11	0.0841687526711032	fresh_mda231	0.0259741092277185	Arc-well-fresh-MDAMB231
Arc_well_MDA231_p37_nonfix_r38c56_yes_A1_Good_S2793_R1_001	706749	639454	0.1	44	0.832	639454	44	0.0952176798269258	fresh_mda231	0.0115032882690175	Arc-well-fresh-MDAMB231
Arc_well_MDA231_p37_nonfix_r14c39_yes_B1_Good_S1048_R1_001	959000	856239	0.11	63	0.827	856239	63	0.1071543274244	fresh_mda231	0.0259249034103404	Arc-well-fresh-MDAMB231
Arc_well_MDA231_p37_nonfix_r63c54_yes_D1_Good_S4591_R1_001	504449	458486	0.09	34	0.954	458486	34	0.0911152564481246	fresh_mda231	0.0129728797855036	Arc-well-fresh-MDAMB231
Arc_well_MDA231_p37_nonfix_r18c69_yes_C2_Good_S1366_R1_001	282554	263099	0.07	19	0.894	263099	19	0.0688540951464145	fresh_mda231	0.0198081434730895	Arc-well-fresh-MDAMB231
Arc_well_MDA231_p37_nonfix_r49c69_yes_B2_Good_S3598_R1_001	299518	276892	0.08	21	0.958	276892	21	0.0755413698008133	fresh_mda231	0.0221138990096554	Arc-well-fresh-MDAMB231
Arc_well_MDA231_p37_nonfix_r4c58_yes_A1_Good_S347_R1_001	1095513	984273	0.1	67	0.82	984273	67	0.101541469612866	fresh_mda231	0.0111778973722749	Arc-well-fresh-MDAMB231
Arc_well_MDA231_p37_nonfix_r61c41_yes_C1_Good_S4434_R1_001	567249	515291	0.09	39	0.962	515291	39	0.0915964594031898	fresh_mda231	0.00751349783553429	Arc-well-fresh-MDAMB231
Arc_well_MDA231_p37_nonfix_r44c16_yes_A2_Good_S3185_R1_001	979379	889417	0.09	66	0.988	889417	66	0.0918561659990667	fresh_mda231	0.00550368163533706	Arc-well-fresh-MDAMB231
Arc_well_MDA231_p37_nonfix_r41c40_yes_A1_Good_S2993_R1_001	1190458	1068810	0.1	79	0.904	1068810	79	0.102185881400268	fresh_mda231	0.0103279257715629	Arc-well-fresh-MDAMB231
Arc_well_MDA231_p37_nonfix_r12c1_yes_B1_Good_S866_R1_001	777367	699959	0.1	52	0.947	699959	52	0.0995771623956252	fresh_mda231	0.0034422004148822	Arc-well-fresh-MDAMB231
Arc_well_MDA231_p37_nonfix_r48c28_yes_B2_Good_S3485_R1_001	818601	735927	0.1	56	0.978	735927	56	0.100994257275523	fresh_mda231	0.00602417771228089	Arc-well-fresh-MDAMB231
Arc_well_MDA231_p37_nonfix_r23c39_yes_C1_Good_S1696_R1_001	847967	752489	0.11	58	0.867	752489	58	0.112596362830157	fresh_mda231	0.0166862048060846	Arc-well-fresh-MDAMB231
Arc_well_MDA231_p37_nonfix_r12c31_yes_B2_Good_S896_R1_001	143614	132039	0.08	10	0.909	132039	10	0.0805979918392357	fresh_mda231	0.0179717429561309	Arc-well-fresh-MDAMB231
Arc_well_MDA231_p37_nonfix_r8c27_yes_A2_Good_S604_R1_001	1249527	1104171	0.12	82	0.977	1104171	82	0.116328818825043	fresh_mda231	0.0104765713196244	Arc-well-fresh-MDAMB231
Arc_well_MDA231_p37_nonfix_r36c20_yes_A1_Good_S2613_R1_001	1066490	975216	0.09	71	0.88	975216	71	0.0855835497754316	fresh_mda231	0.0107552022369989	Arc-well-fresh-MDAMB231
Arc_well_MDA231_p37_nonfix_r56c60_yes_C1_Good_S4093_R1_001	847032	761473	0.1	58	0.942	761473	58	0.101010351438907	fresh_mda231	0.00369763732597838	Arc-well-fresh-MDAMB231
Arc_well_MDA231_p37_nonfix_r39c60_yes_A1_Good_S2869_R1_001	862166	785882	0.09	59	0.953	785882	59	0.0884794807496468	fresh_mda231	0.00469616053244383	Arc-well-fresh-MDAMB231
Arc_well_MDA231_p37_nonfix_r65c26_yes_D1_Good_S4707_R1_001	1180184	1056544	0.1	80	0.931	1056544	80	0.104763325040841	fresh_mda231	0.00387701321853451	Arc-well-fresh-MDAMB231
Arc_well_MDA231_p37_nonfix_r38c24_yes_A1_Good_S2761_R1_001	604725	543342	0.1	41	0.977	543342	41	0.101505643060895	fresh_mda231	0.00454641559309432	Arc-well-fresh-MDAMB231
Arc_well_MDA231_p37_nonfix_r6c17_yes_A2_Good_S450_R1_001	811788	731499	0.1	55	0.974	731499	55	0.0989039010184925	fresh_mda231	0.00342725064477889	Arc-well-fresh-MDAMB231
Arc_well_MDA231_p37_nonfix_r55c28_yes_C2_Good_S3989_R1_001	1331782	1186585	0.11	90	0.963	1186585	90	0.109024600122242	fresh_mda231	0.0068696887784987	Arc-well-fresh-MDAMB231
