sample	reads_total	reads_assigned_bins	percentage_duplicates	median_bin_count	filter_corr_value	ReadsKept	MedianBinCount	dups_percentage	sample_name	over_disp
ACCATTTACCATCCA_merged2_AGGATG_S001	924130	747091	0.19	49	0.165	747091	49	0.191573696341424	sci_l3_yi141	0.0408326548641404
ATCGCGTTCAAAACG_merged2_AGGATG_S001	1548249	1241846	0.2	92	0.487	1241846	92	0.197902921300127	sci_l3_yi141	0.0299858774819714
ATCGCGTTGCCACCT_merged2_AGGATG_S001	1311184	1063421	0.19	81	0.393	1063421	81	0.188961274695237	sci_l3_yi141	0.0273932910491796
ATCGCGTTTAGTCTA_merged2_AGGATG_S001	1194977	966587	0.19	75	0.407	966587	75	0.191125017468955	sci_l3_yi141	0.0280014640119986
ATCGGGACCGGAGAC_merged2_AGGATG_S001	159990	128140	0.2	9	0.517	128140	9	0.199074942183886	sci_l3_yi141	0.213668216645352
ATCGGGACGTGGGTT_merged2_AGGATG_S001	355679	290596	0.18	19	0.482	290596	19	0.18298240829512	sci_l3_yi141	0.0889679547488355
ATCGGGACTCGAGTA_merged2_AGGATG_S001	418120	338008	0.19	23	0.46	338008	23	0.191600497464843	sci_l3_yi141	0.085780347489407
ATGCTGCGTCACAGC_merged2_AGGATG_S001	867261	701112	0.19	50	0.753	701112	50	0.191579005628064	sci_l3_yi141	0.0467543668085593
CATCAAGGACGTCGT_merged2_AGGATG_S001	740465	596797	0.19	44	0.477	596797	44	0.194024025443471	sci_l3_yi141	0.051558302161343
CATCAAGGACTCGCA_merged2_AGGATG_S001	1568216	1263664	0.19	96	0.402	1263664	96	0.194202839404776	sci_l3_yi141	0.0346738558406903
CATCAAGGCAAAACG_merged2_AGGATG_S001	1066863	863354	0.19	64	0.428	863354	64	0.19075457673572	sci_l3_yi141	0.0543023850896032
CATCAAGGCCATCCA_merged2_AGGATG_S001	1980709	1607996	0.19	124	0.497	1607996	124	0.188171508283145	sci_l3_yi141	0.017987249864706
CATCAAGGCCGCTTA_merged2_AGGATG_S001	1080935	876256	0.19	65	0.451	876256	65	0.189353661413498	sci_l3_yi141	0.0488513819241629
CATCAAGGGGCTTGG_merged2_AGGATG_S001	1275103	1034738	0.19	80	0.481	1034738	80	0.188506340272119	sci_l3_yi141	0.0400934702363031
CATCAAGGTAGCCGG_merged2_AGGATG_S001	2124993	1731259	0.19	131	0.457	1731259	131	0.185287198593125	sci_l3_yi141	0.027138362058048
CATCAAGGTGCACCG_merged2_AGGATG_S001	793251	638456	0.2	47	0.318	638456	47	0.195139999823511	sci_l3_yi141	0.0479055373152793
CATCAAGGTGGAATT_merged2_AGGATG_S001	527753	428847	0.19	30	0.38	428847	30	0.187409640494701	sci_l3_yi141	0.0840527666985025
CATGCCCCGCAGGTC_merged2_AGGATG_S001	605175	492020	0.19	37	0.4	492020	37	0.186978973024332	sci_l3_yi141	0.0627383406004491
CATGCCCCGCAGTAG_merged2_AGGATG_S001	947250	769515	0.19	57	0.501	769515	57	0.18763262074426	sci_l3_yi141	0.0522373297015955
CATGCCCCGCCACCT_merged2_AGGATG_S001	2714433	2184033	0.2	163	0.372	2184033	163	0.195399923298899	sci_l3_yi141	0.0150954879012506
CATGCCCCTAGCCGG_merged2_AGGATG_S001	634992	517224	0.19	37	0.319	517224	37	0.185463753874065	sci_l3_yi141	0.0785017784760549
CATGCCCCTGATGCA_merged2_AGGATG_S001	756495	616514	0.19	46	0.36	616514	46	0.185038896489732	sci_l3_yi141	0.0548933393141212
CATTGTGTAGAACTA_merged2_AGGATG_S001	304862	248024	0.19	18	0.627	248024	18	0.186438454120225	sci_l3_yi141	0.1451357504146
CATTGTGTAGTAGCC_merged2_AGGATG_S001	894959	724261	0.19	53	0.715	724261	53	0.190732759824752	sci_l3_yi141	0.0440818017569787
CATTGTGTCTGCATG_merged2_AGGATG_S001	816714	662683	0.19	48	0.728	662683	48	0.188598456742507	sci_l3_yi141	0.0596767839863049
CATTGTGTGGCCAAA_merged2_AGGATG_S001	1804529	1461435	0.19	91	0.255	1461435	91	0.190129391104272	sci_l3_yi141	0.0397540208238567
CCATGGAACGGTCTT_merged2_AGGATG_S001	846131	678032	0.2	50	0.316	678032	50	0.198667818576556	sci_l3_yi141	0.0489854343172389
CCATGGAAGGCTTGG_merged2_AGGATG_S001	1130859	911095	0.19	66	0.382	911095	66	0.194333687931033	sci_l3_yi141	0.0385431030279593
CCATGGAATATAAGA_merged2_AGGATG_S001	701220	560117	0.2	42	0.436	560117	42	0.201225007843473	sci_l3_yi141	0.0481601000537445
CCGCGCTTGCTATTA_merged2_AGGATG_S001	972204	787604	0.19	58	0.405	787604	58	0.189877844567601	sci_l3_yi141	0.0361142647774368
CCGCGCTTGGTCCCA_merged2_AGGATG_S001	1161759	946529	0.19	69	0.361	946529	69	0.185262175718028	sci_l3_yi141	0.0342706247511487
CCGCGCTTTCCATAG_merged2_AGGATG_S001	1004595	812239	0.19	60	0.34	812239	60	0.191476167012577	sci_l3_yi141	0.0369325416254344
CCGCGCTTTCGTATC_merged2_AGGATG_S001	1052639	845119	0.2	62	0.417	845119	62	0.197142610144598	sci_l3_yi141	0.0366486764576811
CTCGATTAAGAGACT_merged2_AGGATG_S001	1189056	960744	0.19	74	0.473	960744	74	0.192011141611497	sci_l3_yi141	0.0296992727551807
CTCGATTAGAGGCGA_merged2_AGGATG_S001	1586548	1286471	0.19	93	0.387	1286471	93	0.189138305301825	sci_l3_yi141	0.0377488382067864
CTCGATTAGCCTATA_merged2_AGGATG_S001	3155262	2538932	0.2	193	0.482	2538932	193	0.195334016636336	sci_l3_yi141	0.0155952142535504
CTCGATTAGGCCAAA_merged2_AGGATG_S001	259169	211007	0.19	15	0.372	211007	15	0.18583241051206	sci_l3_yi141	0.142973165941468
CTCGATTAGTCGCAC_merged2_AGGATG_S001	3235821	2620817	0.19	200	0.383	2620817	200	0.19006119312533	sci_l3_yi141	0.0132047182982204
CTCGATTATAGTCTA_merged2_AGGATG_S001	2342495	1892917	0.19	144	0.465	1892917	144	0.191922714883063	sci_l3_yi141	0.0175548771449004
CTTTCTCTAAATGGA_merged2_AGGATG_S001	2637064	2133102	0.19	157	0.473	2133102	157	0.191107231375499	sci_l3_yi141	0.025248096855986
CTTTCTCTATGGTCA_merged2_AGGATG_S001	2813083	2257071	0.2	170	0.482	2257071	170	0.197652184453854	sci_l3_yi141	0.0161357936005166
CTTTCTCTCGGTCTT_merged2_AGGATG_S001	909027	736072	0.19	55	0.437	736072	55	0.190263875550451	sci_l3_yi141	0.0453943495786526
CTTTCTCTTCGGTTT_merged2_AGGATG_S001	3585438	2873567	0.2	221	0.379	2873567	221	0.198545059208945	sci_l3_yi141	0.011430455762006
GACGTCGGGACGGGG_merged2_AGGATG_S001	833315	675776	0.19	46	0.584	675776	46	0.189050959121101	sci_l3_yi141	0.0507553785975902
GACGTCGGGTCGCAC_merged2_AGGATG_S001	932895	734319	0.21	45	0.196	734319	45	0.21285996816362	sci_l3_yi141	0.0367683165222171
GACGTCGGTCCATAG_merged2_AGGATG_S001	1605243	1291702	0.2	93	0.67	1291702	93	0.195323075696328	sci_l3_yi141	0.0261573366866337
GACGTCGGTGCTTAA_merged2_AGGATG_S001	636775	513432	0.19	36	0.64	513432	36	0.193699501393742	sci_l3_yi141	0.0660412714936493
GAGTCTTTCGGTCTT_merged2_AGGATG_S001	841294	679429	0.19	47	0.674	679429	47	0.192400040889392	sci_l3_yi141	0.078802440443186
GAGTCTTTGTAATTT_merged2_AGGATG_S001	1340787	1080404	0.19	78	0.644	1080404	78	0.194201614424961	sci_l3_yi141	0.0438983831960254
GATCCCGTCTGCATG_merged2_AGGATG_S001	1126015	909333	0.19	68	0.488	909333	68	0.192432605249486	sci_l3_yi141	0.0525798833770123
GATCCCGTGTAAAGG_merged2_AGGATG_S001	521030	425101	0.18	30	0.379	425101	30	0.184114158493753	sci_l3_yi141	0.092261612363134
GATCCCGTGTCGCAC_merged2_AGGATG_S001	704744	568588	0.19	43	0.455	568588	43	0.193199232629153	sci_l3_yi141	0.0519043412518131
GATCCCGTTGCTTAA_merged2_AGGATG_S001	476369	385355	0.19	28	0.483	385355	28	0.191057772441112	sci_l3_yi141	0.0811317212393472
GATCCCGTTGGAATT_merged2_AGGATG_S001	953861	768112	0.19	57	0.395	768112	57	0.194733823900967	sci_l3_yi141	0.0645770502585135
GGTCATATCGGTCTT_merged2_AGGATG_S001	865840	701527	0.19	51	0.436	701527	51	0.189772937263236	sci_l3_yi141	0.0541272667388134
GGTCATATCTGCATG_merged2_AGGATG_S001	656710	532179	0.19	38	0.333	532179	38	0.189628603188622	sci_l3_yi141	0.0626090412604283
GGTCATATGAGGCGA_merged2_AGGATG_S001	1005987	810843	0.19	59	0.388	810843	59	0.19398262601803	sci_l3_yi141	0.0413112875446392
GGTCATATTATAAGA_merged2_AGGATG_S001	768062	623427	0.19	46	0.374	623427	46	0.188311620676456	sci_l3_yi141	0.0507793334331884
GGTCATATTGCTTAA_merged2_AGGATG_S001	2885211	2323156	0.19	178	0.454	2323156	178	0.194805509891651	sci_l3_yi141	0.0140266347087746
GTCAGTAGGAGGCGA_merged2_AGGATG_S001	2490044	2002001	0.2	153	0.329	2002001	153	0.195997741405373	sci_l3_yi141	0.0177661501565807
GTCAGTAGTAGCCGG_merged2_AGGATG_S001	1499443	1204682	0.2	91	0.407	1204682	91	0.1965803301626	sci_l3_yi141	0.0245599558858525
GTCAGTAGTAGTCTA_merged2_AGGATG_S001	2547242	2047612	0.2	163	0.459	2047612	163	0.196145478128894	sci_l3_yi141	0.0137651825162278
GTTACGCGCAAGCTC_merged2_AGGATG_S001	1248973	1013745	0.19	76	0.352	1013745	76	0.18833713779241	sci_l3_yi141	0.0394406093791665
GTTACGCGCAGAGGT_merged2_AGGATG_S001	1127465	910782	0.19	68	0.393	910782	68	0.192186010208743	sci_l3_yi141	0.0447039856559099
GTTACGCGTCCATAG_merged2_AGGATG_S001	644944	524687	0.19	39	0.386	524687	39	0.186461150115359	sci_l3_yi141	0.0616044464583426
GTTACGCGTTACTTA_merged2_AGGATG_S001	2249260	1822041	0.19	140	0.578	1822041	140	0.189937579470581	sci_l3_yi141	0.0145962261460016
TACGATATACGTCGT_merged2_AGGATG_S001	258740	210250	0.19	14	0.704	210250	14	0.187408209012909	sci_l3_yi141	0.148861518750675
TCCTTGTGAGAGACT_merged2_AGGATG_S001	1370890	1103084	0.2	82	0.286	1103084	82	0.195351924662081	sci_l3_yi141	0.0257673562795487
TCGCGTTTAGAGACT_merged2_AGGATG_S001	2605318	2101935	0.19	161	0.401	2101935	161	0.193213649926804	sci_l3_yi141	0.0155761578070887
TCGCGTTTTTACTTA_merged2_AGGATG_S001	2277039	1837751	0.19	136	0.399	1837751	136	0.192920718529634	sci_l3_yi141	0.0238920989078548
TCGGCCTACACTGTT_merged2_AGGATG_S001	2095228	1692983	0.19	127	0.46	1692983	127	0.191981493183558	sci_l3_yi141	0.0219046895751079
TCTTAGTGCAAAACG_merged2_AGGATG_S001	501807	409897	0.18	30	0.434	409897	30	0.183158066746777	sci_l3_yi141	0.0904189065669096
TCTTAGTGTGCTTAA_merged2_AGGATG_S001	1525682	1229747	0.19	93	0.414	1229747	93	0.193968992227738	sci_l3_yi141	0.024676037395233
TGATATTGATATCCC_merged2_AGGATG_S001	1383152	1123446	0.19	86	0.447	1123446	86	0.187763890013534	sci_l3_yi141	0.028500788039387
TGATATTGCAAGCTC_merged2_AGGATG_S001	875813	711788	0.19	52	0.355	711788	52	0.187283130074571	sci_l3_yi141	0.056783335632117
TGATATTGGACCTTC_merged2_AGGATG_S001	2354833	1908913	0.19	139	0.443	1908913	139	0.189363746813468	sci_l3_yi141	0.0321013856772305
TGATATTGGGTAGGA_merged2_AGGATG_S001	569603	458263	0.2	33	0.386	458263	33	0.195469476108799	sci_l3_yi141	0.0750077206872681
TGATATTGGTCGCAC_merged2_AGGATG_S001	1219077	991113	0.19	75	0.501	991113	75	0.186997211825012	sci_l3_yi141	0.0332970128876782
TGATATTGGTGGGTT_merged2_AGGATG_S001	233668	188703	0.19	14	0.467	188703	14	0.192431141619734	sci_l3_yi141	0.180446379109832
TGATATTGTAGCCGG_merged2_AGGATG_S001	2823757	2274284	0.19	177	0.49	2274284	177	0.194589336122053	sci_l3_yi141	0.0163962827326169
TGATATTGTCGAGTA_merged2_AGGATG_S001	1579920	1275860	0.19	97	0.421	1275860	97	0.192452782419363	sci_l3_yi141	0.0346430657754746
TGATATTGTCGTATC_merged2_AGGATG_S001	687087	557783	0.19	41	0.368	557783	41	0.188191597279529	sci_l3_yi141	0.0736554782099441
TTTGACTCACGTCGT_merged2_AGGATG_S001	623454	505854	0.19	36	0.442	505854	36	0.188626586724923	sci_l3_yi141	0.0620941557288224
TTTGACTCCAAGCTC_merged2_AGGATG_S001	684127	556812	0.19	34	0.453	556812	34	0.18609848756152	sci_l3_yi141	0.0728978773486867
TTTGACTCCCATCCA_merged2_AGGATG_S001	711602	577223	0.19	38	0.325	577223	38	0.188840110061523	sci_l3_yi141	0.0564834172794698
TTTGACTCGGGCGAG_merged2_AGGATG_S001	590067	475785	0.19	33	0.662	475785	33	0.193676311334137	sci_l3_yi141	0.074182660053496
TTTGACTCGTGGGTT_merged2_AGGATG_S001	1789459	1447074	0.19	108	0.698	1447074	108	0.19133436418493	sci_l3_yi141	0.032262023593095
